0 0 0
0 0 0
0 0 0
0 0 0
0 0 0
0 0 0
0 0 0
0 0 0
0 0 0
0 0 0
0 0 0
0 0 0
0 0 0
0 0 0
0 0 0
0 0 0
0 0 0
0 0 0
0 0 0
0 0 0
0 0 0
0 0 0
0 0 0
0 0 0
0 0 0
0 0 0
0 0 0
0 0 0
0 0 0
0 0 0
0 0 0
0 0 0
0 0 0
0 0 0
0 0 0
0 0 0
0 0 0
0 0 0
0 0 0
0 0 0
0 0 0
0 0 0
0 0 0
0 0 0
0 0 0
0 0 0
0 0 0
0 0 0
0 0 0
0 0 0
0 0 0
0 0 0
0 0 0
0 0 0
0 0 0
0 0 0
0 0 0
0 0 0
0 0 0
0 0 0
0 0 0
0 0 0
0 0 0
0 0 0
0 0 0
0 0 0
0 0 0
0 0 0
0 0 0
0 0 0
0 0 0
0 0 0
0 0 0
0 0 0
0 0 0
0 0 0
0 0 0
0 0 0
0 0 0
0 0 0
0 0 0
0 0 0
0 0 0
0 0 0
0 0 0
0 0 0
0 0 0
0 0 0
0 0 0
0 0 0
0 0 0
0 0 0
0 0 0
0 0 0
0 0 0
0 0 0
0 0 0
0 0 0
0 0 0
0 0 0
0 0 0
0 0 0
0 0 0
0 0 0
0 0 0
0 0 0
0 0 0
0 0 0
0 0 0
0 0 0
0 0 0
0 0 0
0 0 0
0 0 0
0 0 0
0 0 0
0 0 0
0 0 0
0 0 0
0 0 0
0 0 0
0 0 0
0 0 0
0 0 0
0 0 0
0 0 0
0 0 0
0 0 0
0 0 0
0 0 0
0 0 0
0 0 0
0 0 0
0 0 0
0 0 0
0 0 0
0 0 0
0 0 0
0 0 0
0 0 0
0 0 0
0 0 0
0 0 0
0 0 0
0 0 0
0 0 0
0 0 0
0 0 0
0 0 0
0 0 0
0 0 0
0 0 0
0 0 0
0 0 0
0 0 0
0 0 0
0 0 0
0 0 0
0 0 0
0 0 0
0 0 0
0 0 0
0 0 0
0 0 0
0 0 0
0 0 0
0 0 0
0 0 0
0 0 0
0 0 0
0 0 0
0 0 0
0 0 0
0 0 0
0 0 0
0 0 0
0 0 0
0 0 0
0 0 0
0 0 0
0 0 0
0 0 0
0 0 0
0 0 0
0 0 0
0 0 0
0 0 0
0 0 0
0 0 0
-0.6 -0.0038065 0.6
-0.5 0.00145342 0.6
-0.4 0.00357195 0.6
-0.3 0.002018 0.6
-0.2 0.00263188 0.6
-0.1 0.00105224 0.6
0 0.00115803 0.6
0.1 0.00182458 0.6
0.2 0.00392237 0.6
0.3 0.00581648 0.6
0.4 0.00682448 0.6
0.5 0.0141617 0.6
0 0 0
0 0 0
0 0 0
0 0 0
0 0 0
0 0 0
0 0 0
0 0 0
0 0 0
0 0 0
0 0 0
0 0 0
0 0 0
0 0 0
0 0 0
0 0 0
0 0 0
-0.7 -0.00199667 0.7
-0.6 -0.000976748 0.7
-0.5 0.000453123 0.7
-0.4 0.00128702 0.7
-0.3 0.00116971 0.7
-0.2 0.00223843 0.7
-0.1 0.00119466 0.7
0 0.00107205 0.7
0.1 8.54983e-05 0.7
0.2 0.00320596 0.7
0.3 0.00583216 0.7
0.4 0.00869363 0.7
0.5 0.00949352 0.7
0 0 0
0 0 0
0 0 0
0 0 0
0 0 0
0 0 0
0 0 0
0 0 0
0 0 0
0 0 0
0 0 0
0 0 0
0 0 0
0 0 0
0 0 0
0 0 0
0 0 0
-0.7 0.00110489 0.8
-0.6 0.00034204 0.8
-0.5 -0.000158696 0.8
-0.4 0.00123939 0.8
-0.3 0.00249005 0.8
-0.2 0.00296651 0.8
-0.1 0.00129559 0.8
0 0.00154993 0.8
0.1 -0.000877936 0.8
0.2 0.00093965 0.8
0.3 0.002428 0.8
0.4 0.00823529 0.8
0.5 0.0107704 0.8
0.6 0.00905385 0.8
0 0 0
0 0 0
0 0 0
0 0 0
0 0 0
0 0 0
0 0 0
0 0 0
0 0 0
0 0 0
0 0 0
0 0 0
0 0 0
0 0 0
0 0 0
-0.8 0.00238709 0.9
-0.7 0.001567 0.9
-0.6 -0.00133893 0.9
-0.5 0.00113677 0.9
-0.4 0.00119163 0.9
-0.3 0.00263894 0.9
-0.2 0.00320204 0.9
-0.1 0.00179385 0.9
0 0.00271929 0.9
0.1 0.000857295 0.9
0.2 0.000887698 0.9
0.3 0.000699128 0.9
0.4 0.00393493 0.9
0.5 0.00981141 0.9
0.6 0.0104544 0.9
0 0 0
0 0 0
0 0 0
0 0 0
0 0 0
0 0 0
0 0 0
0 0 0
0 0 0
0 0 0
0 0 0
0 0 0
0 0 0
0 0 0
0 0 0
-0.8 0.00456418 1
-0.7 0.00171335 1
-0.6 -0.000356757 1
-0.5 0.00138087 1
-0.4 0.00118102 1
-0.3 0.00173323 1
-0.2 0.00239297 1
-0.1 0.00229271 1
0 0.00324387 1
0.1 0.00137474 1
0.2 0.00127589 1
0.3 -0.000178142 1
0.4 0.000716778 1
0.5 0.00788647 1
0.6 0.0112444 1
0.7 0.00947493 1
0 0 0
0 0 0
0 0 0
0 0 0
0 0 0
0 0 0
0 0 0
0 0 0
0 0 0
0 0 0
0 0 0
0 0 0
0 0 0
0 0 0
-0.8 0.00405164 1.1
-0.7 0.000737583 1.1
-0.6 0.000637064 1.1
-0.5 0.00126385 1.1
-0.4 -0.000198383 1.1
-0.3 0.00186869 1.1
-0.2 0.00326623 1.1
-0.1 0.00144617 1.1
0 0.00239433 1.1
0.1 0.00160222 1.1
0.2 0.00204647 1.1
0.3 0.000552503 1.1
0.4 -0.00119677 1.1
0.5 0.00267257 1.1
0.6 0.00902107 1.1
0.7 0.0108348 1.1
0 0 0
0 0 0
0 0 0
0 0 0
0 0 0
0 0 0
0 0 0
0 0 0
0 0 0
0 0 0
0 0 0
0 0 0
0 0 0
-0.9 0.00465355 1.2
-0.8 0.00332309 1.2
-0.7 4.19471e-05 1.2
-0.6 0.00251877 1.2
-0.5 0.000699329 1.2
-0.4 -0.00121115 1.2
-0.3 0.00222978 1.2
-0.2 0.00284375 1.2
-0.1 0.00200765 1.2
0 0.00235062 1.2
0.1 0.00125633 1.2
0.2 0.00275499 1.2
0.3 0.00243239 1.2
0.4 -0.000915422 1.2
0.5 0.000135337 1.2
0.6 0.00593166 1.2
0.7 0.0106347 1.2
0.8 0.0109472 1.2
0 0 0
0 0 0
0 0 0
0 0 0
0 0 0
0 0 0
0 0 0
0 0 0
0 0 0
0 0 0
0 0 0
0 0 0
-0.9 0.00421396 1.3
-0.8 0.000480796 1.3
-0.7 0.00142085 1.3
-0.6 0.00264797 1.3
-0.5 -0.000132653 1.3
-0.4 -0.00174001 1.3
-0.3 0.00333808 1.3
-0.2 0.00421235 1.3
-0.1 0.00300501 1.3
0 0.0033639 1.3
0.1 0.00105366 1.3
0.2 0.00162038 1.3
0.3 0.00434937 1.3
0.4 6.32396e-05 1.3
0.5 -0.00167631 1.3
0.6 0.00284095 1.3
0.7 0.00787553 1.3
0.8 0.00952178 1.3
0 0 0
0 0 0
0 0 0
0 0 0
0 0 0
0 0 0
0 0 0
0 0 0
0 0 0
0 0 0
0 0 0
-1 0.00910185 1.4
-0.9 0.00254233 1.4
-0.8 -0.00037475 1.4
-0.7 0.000776856 1.4
-0.6 0.00127991 1.4
-0.5 -0.000643825 1.4
-0.4 -0.00133149 1.4
-0.3 0.00344652 1.4
-0.2 0.00441902 1.4
-0.1 0.00245952 1.4
0 0.00362328 1.4
0.1 0.00121966 1.4
0.2 0.00230964 1.4
0.3 0.00581442 1.4
0.4 0.00200909 1.4
0.5 -0.00140734 1.4
0.6 0.000982452 1.4
0.7 0.00586829 1.4
0.8 0.00950329 1.4
0.9 0.00983397 1.4
0 0 0
0 0 0
0 0 0
0 0 0
0 0 0
0 0 0
0 0 0
0 0 0
0 0 0
0 0 0
-1 0.00671583 1.5
-0.9 0.00156058 1.5
-0.8 -0.0016667 1.5
-0.7 0.00294871 1.5
-0.6 0.000840108 1.5
-0.5 -0.00152494 1.5
-0.4 -0.000849888 1.5
-0.3 0.00248034 1.5
-0.2 0.00282813 1.5
-0.1 0.00234217 1.5
0 0.00289174 1.5
0.1 0.00236199 1.5
0.2 0.00300535 1.5
0.3 0.00578959 1.5
0.4 0.00274738 1.5
0.5 -0.000330963 1.5
0.6 -0.000574877 1.5
0.7 0.00344476 1.5
0.8 0.00795996 1.5
0.9 0.00951169 1.5
0 0 0
0 0 0
0 0 0
0 0 0
0 0 0
0 0 0
0 0 0
0 0 0
0 0 0
-1.1 0.0083527 1.6
-1 0.00406451 1.6
-0.9 0.00119216 1.6
-0.8 0.00105581 1.6
-0.7 0.00323692 1.6
-0.6 0.00109336 1.6
-0.5 -0.00118359 1.6
-0.4 0.00143187 1.6
-0.3 0.00212245 1.6
-0.2 0.00328066 1.6
-0.1 0.00146618 1.6
0 0.00262749 1.6
0.1 0.00219192 1.6
0.2 0.00312952 1.6
0.3 0.00444547 1.6
0.4 0.00375018 1.6
0.5 -0.000615047 1.6
0.6 -0.00269187 1.6
0.7 0.00366522 1.6
0.8 0.00612805 1.6
0.9 0.00880745 1.6
1 0.00816383 1.6
0 0 0
0 0 0
0 0 0
0 0 0
0 0 0
0 0 0
0 0 0
0 0 0
-1.1 0.0071048 1.7
-1 0.00219537 1.7
-0.9 0.000439949 1.7
-0.8 0.00157814 1.7
-0.7 0.00418414 1.7
-0.6 0.000228553 1.7
-0.5 -0.000838877 1.7
-0.4 0.00106801 1.7
-0.3 0.00291997 1.7
-0.2 0.00289657 1.7
-0.1 0.0012718 1.7
0 0.00252931 1.7
0.1 0.00317905 1.7
0.2 0.00269512 1.7
0.3 0.00376695 1.7
0.4 0.00393083 1.7
0.5 0.00104305 1.7
0.6 -0.00337322 1.7
0.7 0.000307863 1.7
0.8 0.00365179 1.7
0.9 0.00887697 1.7
1 0.00902453 1.7
0 0 0
0 0 0
0 0 0
0 0 0
0 0 0
0 0 0
0 0 0
-1.2 0.0120494 1.8
-1.1 0.00693594 1.8
-1 0.00374646 1.8
-0.9 0.000836059 1.8
-0.8 0.00614574 1.8
-0.7 0.00455559 1.8
-0.6 0.000244005 1.8
-0.5 -0.00122543 1.8
-0.4 0.00101355 1.8
-0.3 0.00337358 1.8
-0.2 0.00103332 1.8
-0.1 0.00173411 1.8
0 0.00382472 1.8
0.1 0.00379681 1.8
0.2 0.00290538 1.8
0.3 0.00221573 1.8
0.4 0.00545735 1.8
0.5 0.00103667 1.8
0.6 -0.00354927 1.8
0.7 -0.00290159 1.8
0.8 0.00320237 1.8
0.9 0.00614812 1.8
1 0.00883455 1.8
1.1 0.00801024 1.8
0 0 0
0 0 0
0 0 0
0 0 0
0 0 0
0 0 0
-1.2 0.0125182 1.9
-1.1 0.00828479 1.9
-1 0.00159339 1.9
-0.9 0.001959 1.9
-0.8 0.00538165 1.9
-0.7 0.00360274 1.9
-0.6 0.000803148 1.9
-0.5 -0.00165139 1.9
-0.4 0.00274742 1.9
-0.3 0.00327029 1.9
-0.2 0.00278198 1.9
-0.1 -0.00053944 1.9
0 0.005306 1.9
0.1 0.00331198 1.9
0.2 0.00526555 1.9
0.3 0.00094337 1.9
0.4 0.00380061 1.9
0.5 0.000757843 1.9
0.6 -0.00392642 1.9
0.7 -0.00616995 1.9
0.8 -0.0010701 1.9
0.9 0.00201856 1.9
1 0.00752823 1.9
1.1 0.00723094 1.9
0 0 0
0 0 0
0 0 0
0 0 0
0 0 0
-1.3 0.00974851 2
-1.2 0.0147617 2
-1.1 0.0122598 2
-1 0.00354771 2
-0.9 0.00647997 2
-0.8 0.00609204 2
-0.7 0.00480385 2
-0.6 0.00242032 2
-0.5 0.000224296 2
-0.4 0.00247301 2
-0.3 -0.000460352 2
-0.2 0.00241379 2
-0.1 0.00136472 2
0 0.00405258 2
0.1 0.00265569 2
0.2 0.00406382 2
0.3 0.00177971 2
0.4 0.00270961 2
0.5 0.000244329 2
0.6 -0.00389846 2
0.7 -0.00621832 2
0.8 -0.0011285 2
0.9 0.000333024 2
1 0.00537851 2
1.1 0.00754294 2
1.2 0.00523204 2
0 0 0
0 0 0
0 0 0
0 0 0
-1.3 0.0133169 2.1
-1.2 0.00995536 2.1
-1.1 0.00595237 2.1
-1 0.00754121 2.1
-0.9 0.0084116 2.1
-0.8 0.00840437 2.1
-0.7 0.00738053 2.1
-0.6 0.00203654 2.1
-0.5 0.0014344 2.1
-0.4 0.0013058 2.1
-0.3 0.000743443 2.1
-0.2 0.00136454 2.1
-0.1 0.00113286 2.1
0 0.00213905 2.1
0.1 0.00211242 2.1
0.2 0.00103576 2.1
0.3 -0.000792535 2.1
0.4 -0.00077887 2.1
0.5 4.97068e-05 2.1
0.6 -0.00188024 2.1
0.7 -0.0053551 2.1
0.8 -0.00575838 2.1
0.9 -0.000347898 2.1
1 0.00498553 2.1
1.1 0.00639764 2.1
1.2 0.00623092 2.1
0 0 0
0 0 0
0 0 0
-1.4 0.0171369 2.2
-1.3 0.0134199 2.2
-1.2 0.00675516 2.2
-1.1 0.00178057 2.2
-1 0.00810331 2.2
-0.9 0.0130248 2.2
-0.8 0.00713537 2.2
-0.7 0.00467719 2.2
-0.6 0.00135335 2.2
-0.5 0.000759488 2.2
-0.4 0.000497953 2.2
-0.3 0.00287294 2.2
-0.2 0.000801954 2.2
-0.1 -0.000206103 2.2
0 0.000752194 2.2
0.1 -0.000651577 2.2
0.2 -1.64618e-05 2.2
0.3 -0.000491371 2.2
0.4 0.000644345 2.2
0.5 0.000229706 2.2
0.6 -0.00182943 2.2
0.7 -0.00806216 2.2
0.8 -0.00641804 2.2
0.9 -0.00245451 2.2
1 0.00366324 2.2
1.1 0.00522666 2.2
1.2 0.00760639 2.2
0 0 0
0 0 0
0 0 0
-1.4 0.0131934 2.3
-1.3 0.0139965 2.3
-1.2 0.0081175 2.3
-1.1 0.00153463 2.3
-1 0.00485794 2.3
-0.9 0.0125607 2.3
-0.8 0.00724564 2.3
-0.7 0.00584789 2.3
-0.6 0.00355796 2.3
-0.5 0.00515384 2.3
-0.4 0.00437888 2.3
-0.3 0.00322988 2.3
-0.2 -0.000626824 2.3
-0.1 -0.00332114 2.3
0 -0.00113152 2.3
0.1 -0.000806943 2.3
0.2 -0.000672385 2.3
0.3 0.00055989 2.3
0.4 -0.00221242 2.3
0.5 0.000995887 2.3
0.6 -0.0018648 2.3
0.7 -0.00844762 2.3
0.8 -0.00951669 2.3
0.9 -0.00304291 2.3
1 0.000135183 2.3
1.1 0.00226441 2.3
1.2 0.00702251 2.3
1.3 0.0111735 2.3
0 0 0
-1.5 0.0116682 2.4
-1.4 0.0128538 2.4
-1.3 0.0086964 2.4
-1.2 0.0103204 2.4
-1.1 0.00783899 2.4
-1 0.00737302 2.4
-0.9 0.0102075 2.4
-0.8 0.0110922 2.4
-0.7 0.009269 2.4
-0.6 0.00642904 2.4
-0.5 0.00912866 2.4
-0.4 0.00407933 2.4
-0.3 0.000661171 2.4
-0.2 -0.00160547 2.4
-0.1 -0.00237228 2.4
0 0.00142771 2.4
0.1 0.000322456 2.4
0.2 0.000262813 2.4
0.3 -0.00145051 2.4
0.4 -0.00127386 2.4
0.5 0.000234685 2.4
0.6 -0.0027001 2.4
0.7 -0.00388236 2.4
0.8 -0.00800301 2.4
0.9 -0.00467906 2.4
1 0.0040665 2.4
1.1 0.00526934 2.4
1.2 0.00581304 2.4
1.3 0.0109888 2.4
0 0 0
-1.5 0.0157413 2.5
-1.4 0.00960934 2.5
-1.3 0.00555822 2.5
-1.2 0.00898617 2.5
-1.1 0.0130779 2.5
-1 0.00961195 2.5
-0.9 0.011995 2.5
-0.8 0.00935466 2.5
-0.7 0.00951212 2.5
-0.6 0.00704099 2.5
-0.5 0.00405197 2.5
-0.4 0.000318499 2.5
-0.3 0.00126469 2.5
-0.2 -0.00148287 2.5
-0.1 -0.00537018 2.5
0 -0.000450632 2.5
0.1 -0.001751 2.5
0.2 -0.00227199 2.5
0.3 -0.00407821 2.5
0.4 -0.00499719 2.5
0.5 -0.00204779 2.5
0.6 -0.00141489 2.5
0.7 -0.0035381 2.5
0.8 -0.00651914 2.5
0.9 -0.00531131 2.5
1 0.00286749 2.5
1.1 0.00680539 2.5
1.2 0.00519687 2.5
1.3 0.0107709 2.5
1.4 0.00840628 2.5
-1.5 0.0174242 2.6
-1.4 0.0085565 2.6
-1.3 0.00272667 2.6
-1.2 0.00562663 2.6
-1.1 0.0081017 2.6
-1 0.0101013 2.6
-0.9 0.0109684 2.6
-0.8 0.0120492 2.6
-0.7 0.00827795 2.6
-0.6 0.00917832 2.6
-0.5 0.00542742 2.6
-0.4 0.00584182 2.6
-0.3 0.00559241 2.6
-0.2 0.00237021 2.6
-0.1 -0.00447699 2.6
0 0.00137857 2.6
0.1 -0.000793364 2.6
0.2 0.00366264 2.6
0.3 -0.00317747 2.6
0.4 -0.00710371 2.6
0.5 -0.000192675 2.6
0.6 -0.000864215 2.6
0.7 -0.00489297 2.6
0.8 -0.00475074 2.6
0.9 -0.00833729 2.6
1 -0.00103655 2.6
1.1 0.0038589 2.6
1.2 0.00309797 2.6
1.3 0.00810706 2.6
1.4 0.00147548 2.6
-1.5 0.0157732 2.7
-1.4 0.0165791 2.7
-1.3 0.00999705 2.7
-1.2 0.0102293 2.7
-1.1 0.010571 2.7
-1 0.00692581 2.7
-0.9 0.0123061 2.7
-0.8 0.0089752 2.7
-0.7 0.00603815 2.7
-0.6 0.00582876 2.7
-0.5 0.0135925 2.7
-0.4 0.00769011 2.7
-0.3 0.00574976 2.7
-0.2 0.00480738 2.7
-0.1 -0.00126906 2.7
0 0.00461326 2.7
0.1 -0.000752834 2.7
0.2 0.00493125 2.7
0.3 -0.00239937 2.7
0.4 -0.00571246 2.7
0.5 -0.00331817 2.7
0.6 -0.00274566 2.7
0.7 -0.00760838 2.7
0.8 -0.00997067 2.7
0.9 -0.0084217 2.7
1 -0.00254069 2.7
1.1 0.00555239 2.7
1.2 0.00922481 2.7
1.3 0.00530329 2.7
1.4 -0.000219447 2.7
-1.5 0.0223679 2.8
-1.4 0.0194418 2.8
-1.3 0.0170045 2.8
-1.2 0.0139704 2.8
-1.1 0.00899615 2.8
-1 0.00832153 2.8
-0.9 0.0116751 2.8
-0.8 0.0135898 2.8
-0.7 0.00845734 2.8
-0.6 0.013786 2.8
-0.5 0.0125538 2.8
-0.4 0.00657913 2.8
-0.3 0.00236531 2.8
-0.2 0.00471167 2.8
-0.1 -0.000806194 2.8
0 0.00446728 2.8
0.1 0.00322584 2.8
0.2 -0.00372863 2.8
0.3 -0.00192522 2.8
0.4 -0.00161939 2.8
0.5 -0.00535205 2.8
0.6 -0.00396732 2.8
0.7 -0.00891106 2.8
0.8 -0.00820592 2.8
0.9 -0.00933857 2.8
1 -0.00496293 2.8
1.1 0.00172013 2.8
1.2 0.00510629 2.8
1.3 0.00444045 2.8
1.4 0.00406653 2.8
0 0 0
0 0 0
0 0 0
-1.2 0.0126227 2.9
-1.1 0.00950688 2.9
-1 0.0121623 2.9
-0.9 0.0147155 2.9
-0.8 0.0120861 2.9
-0.7 0.0128358 2.9
-0.6 0.0199921 2.9
-0.5 0.012871 2.9
-0.4 0.00774298 2.9
-0.3 0.00942174 2.9
-0.2 0.00781384 2.9
-0.1 -0.00167299 2.9
0 0.00603223 2.9
0.1 0.00283129 2.9
0.2 -0.00148964 2.9
0.3 -0.00505941 2.9
0.4 -0.00300749 2.9
0.5 -0.0111078 2.9
0.6 -0.00146345 2.9
0.7 -0.0141341 2.9
0.8 -0.00609504 2.9
0.9 -0.0093997 2.9
1 -0.00513472 2.9
1.1 0.00266244 2.9
1.2 0.00716296 2.9
1.3 0.00662838 2.9
1.4 0.000570365 2.9
