0 0 0
0 0 0
0 0 0
0 0 0
0 0 0
0 0 0
0 0 0
0 0 0
0 0 0
0 0 0
0 0 0
0 0 0
0 0 0
0 0 0
0 0 0
0 0 0
0 0 0
0 0 0
0 0 0
0 0 0
0 0 0
0 0 0
0 0 0
0 0 0
0 0 0
0 0 0
0 0 0
0 0 0
0 0 0
0 0 0
0 0 0
0 0 0
0 0 0
0 0 0
0 0 0
0 0 0
0 0 0
0 0 0
0 0 0
0 0 0
0 0 0
0 0 0
0 0 0
0 0 0
0 0 0
0 0 0
0 0 0
0 0 0
0 0 0
0 0 0
0 0 0
0 0 0
0 0 0
0 0 0
0 0 0
0 0 0
0 0 0
0 0 0
0 0 0
0 0 0
0 0 0
0 0 0
0 0 0
0 0 0
0 0 0
0 0 0
0 0 0
0 0 0
0 0 0
0 0 0
0 0 0
0 0 0
0 0 0
0 0 0
0 0 0
0 0 0
0 0 0
0 0 0
0 0 0
0 0 0
0 0 0
0 0 0
0 0 0
0 0 0
0 0 0
0 0 0
0 0 0
0 0 0
0 0 0
0 0 0
0 0 0
0 0 0
0 0 0
0 0 0
0 0 0
0 0 0
0 0 0
0 0 0
0 0 0
0 0 0
0 0 0
0 0 0
0 0 0
0 0 0
0 0 0
0 0 0
0 0 0
0 0 0
0 0 0
0 0 0
0 0 0
0 0 0
0 0 0
0 0 0
0 0 0
0 0 0
0 0 0
0 0 0
0 0 0
0 0 0
0 0 0
0 0 0
0 0 0
0 0 0
0 0 0
0 0 0
0 0 0
0 0 0
0 0 0
0 0 0
0 0 0
0 0 0
0 0 0
0 0 0
0 0 0
0 0 0
0 0 0
0 0 0
0 0 0
0 0 0
0 0 0
0 0 0
0 0 0
0 0 0
0 0 0
0 0 0
0 0 0
0 0 0
0 0 0
0 0 0
0 0 0
0 0 0
0 0 0
0 0 0
0 0 0
0 0 0
0 0 0
0 0 0
0 0 0
0 0 0
0 0 0
0 0 0
0 0 0
0 0 0
0 0 0
0 0 0
0 0 0
0 0 0
0 0 0
0 0 0
0 0 0
0 0 0
0 0 0
0 0 0
0 0 0
0 0 0
0 0 0
0 0 0
0 0 0
0 0 0
0 0 0
0 0 0
0 0 0
0 0 0
0 0 0
0 0 0
0 0 0
0 0 0
0 0 0
-0.6 -0.00406305 0.6
-0.5 0.00228546 0.6
-0.4 0.00314091 0.6
-0.3 0.0018081 0.6
-0.2 0.00271343 0.6
-0.1 0.00112799 0.6
0 0.00104663 0.6
0.1 0.00182482 0.6
0.2 0.00414158 0.6
0.3 0.00607139 0.6
0.4 0.00693701 0.6
0.5 0.01432 0.6
0 0 0
0 0 0
0 0 0
0 0 0
0 0 0
0 0 0
0 0 0
0 0 0
0 0 0
0 0 0
0 0 0
0 0 0
0 0 0
0 0 0
0 0 0
0 0 0
0 0 0
-0.7 -0.00185277 0.7
-0.6 -0.00108881 0.7
-0.5 0.000376792 0.7
-0.4 0.00110632 0.7
-0.3 0.00124566 0.7
-0.2 0.00222931 0.7
-0.1 0.00113398 0.7
0 0.00104946 0.7
0.1 0.000191158 0.7
0.2 0.00329054 0.7
0.3 0.00610989 0.7
0.4 0.00892503 0.7
0.5 0.00991797 0.7
0 0 0
0 0 0
0 0 0
0 0 0
0 0 0
0 0 0
0 0 0
0 0 0
0 0 0
0 0 0
0 0 0
0 0 0
0 0 0
0 0 0
0 0 0
0 0 0
0 0 0
-0.7 0.00120996 0.8
-0.6 0.000111395 0.8
-0.5 2.10608e-06 0.8
-0.4 0.00110705 0.8
-0.3 0.00256951 0.8
-0.2 0.00296704 0.8
-0.1 0.00138884 0.8
0 0.00154358 0.8
0.1 -0.000867961 0.8
0.2 0.000823256 0.8
0.3 0.00253105 0.8
0.4 0.00812056 0.8
0.5 0.0110019 0.8
0.6 0.00934184 0.8
0 0 0
0 0 0
0 0 0
0 0 0
0 0 0
0 0 0
0 0 0
0 0 0
0 0 0
0 0 0
0 0 0
0 0 0
0 0 0
0 0 0
0 0 0
-0.8 0.00232263 0.9
-0.7 0.00140806 0.9
-0.6 -0.00135031 0.9
-0.5 0.000866198 0.9
-0.4 0.000894276 0.9
-0.3 0.00268215 0.9
-0.2 0.00298115 0.9
-0.1 0.00179919 0.9
0 0.00281704 0.9
0.1 0.000760848 0.9
0.2 0.000702196 0.9
0.3 0.000733346 0.9
0.4 0.0039922 0.9
0.5 0.0103052 0.9
0.6 0.0106808 0.9
0 0 0
0 0 0
0 0 0
0 0 0
0 0 0
0 0 0
0 0 0
0 0 0
0 0 0
0 0 0
0 0 0
0 0 0
0 0 0
0 0 0
0 0 0
-0.8 0.00421311 1
-0.7 0.00125112 1
-0.6 -0.000196349 1
-0.5 0.00126462 1
-0.4 0.000849529 1
-0.3 0.0020241 1
-0.2 0.00220152 1
-0.1 0.00214642 1
0 0.00321586 1
0.1 0.00140957 1
0.2 0.00117033 1
0.3 5.95242e-05 1
0.4 0.000844779 1
0.5 0.00773181 1
0.6 0.0111994 1
0.7 0.00996146 1
0 0 0
0 0 0
0 0 0
0 0 0
0 0 0
0 0 0
0 0 0
0 0 0
0 0 0
0 0 0
0 0 0
0 0 0
0 0 0
0 0 0
-0.8 0.00387511 1.1
-0.7 0.000321118 1.1
-0.6 0.000980185 1.1
-0.5 0.00105889 1.1
-0.4 -0.000549721 1.1
-0.3 0.00221929 1.1
-0.2 0.00311913 1.1
-0.1 0.0014236 1.1
0 0.00229337 1.1
0.1 0.00147309 1.1
0.2 0.00190532 1.1
0.3 0.000665404 1.1
0.4 -0.00100153 1.1
0.5 0.00280434 1.1
0.6 0.00901243 1.1
0.7 0.011182 1.1
0 0 0
0 0 0
0 0 0
0 0 0
0 0 0
0 0 0
0 0 0
0 0 0
0 0 0
0 0 0
0 0 0
0 0 0
0 0 0
-0.9 0.00525907 1.2
-0.8 0.00325604 1.2
-0.7 -6.13986e-05 1.2
-0.6 0.002776 1.2
-0.5 0.000858797 1.2
-0.4 -0.0011786 1.2
-0.3 0.0020356 1.2
-0.2 0.00297991 1.2
-0.1 0.00223528 1.2
0 0.00226452 1.2
0.1 0.00137453 1.2
0.2 0.00266707 1.2
0.3 0.00253515 1.2
0.4 -0.00100803 1.2
0.5 -0.000191794 1.2
0.6 0.00614263 1.2
0.7 0.0115923 1.2
0.8 0.0109488 1.2
0 0 0
0 0 0
0 0 0
0 0 0
0 0 0
0 0 0
0 0 0
0 0 0
0 0 0
0 0 0
0 0 0
0 0 0
-0.9 0.00438518 1.3
-0.8 -7.7704e-05 1.3
-0.7 0.00135217 1.3
-0.6 0.00251618 1.3
-0.5 -4.43009e-05 1.3
-0.4 -0.00167613 1.3
-0.3 0.0031534 1.3
-0.2 0.00415449 1.3
-0.1 0.0028898 1.3
0 0.00371455 1.3
0.1 0.00115589 1.3
0.2 0.00198492 1.3
0.3 0.00426161 1.3
0.4 0.000311692 1.3
0.5 -0.00197864 1.3
0.6 0.00288545 1.3
0.7 0.0083436 1.3
0.8 0.00973973 1.3
0 0 0
0 0 0
0 0 0
0 0 0
0 0 0
0 0 0
0 0 0
0 0 0
0 0 0
0 0 0
0 0 0
-1 0.0090857 1.4
-0.9 0.0024499 1.4
-0.8 -0.00101962 1.4
-0.7 0.00124635 1.4
-0.6 0.00113943 1.4
-0.5 -0.000832773 1.4
-0.4 -0.000863692 1.4
-0.3 0.0034314 1.4
-0.2 0.00412514 1.4
-0.1 0.00291257 1.4
0 0.00386445 1.4
0.1 0.00188354 1.4
0.2 0.00285396 1.4
0.3 0.00570533 1.4
0.4 0.00250462 1.4
0.5 -0.00110411 1.4
0.6 0.00065103 1.4
0.7 0.00634886 1.4
0.8 0.00968237 1.4
0.9 0.00913651 1.4
0 0 0
0 0 0
0 0 0
0 0 0
0 0 0
0 0 0
0 0 0
0 0 0
0 0 0
0 0 0
-1 0.00617803 1.5
-0.9 0.000985544 1.5
-0.8 -0.00146369 1.5
-0.7 0.00259665 1.5
-0.6 0.000316718 1.5
-0.5 -0.00190365 1.5
-0.4 -0.000796676 1.5
-0.3 0.00262158 1.5
-0.2 0.00280596 1.5
-0.1 0.0025686 1.5
0 0.00244 1.5
0.1 0.00228307 1.5
0.2 0.00271545 1.5
0.3 0.00535183 1.5
0.4 0.00256417 1.5
0.5 -0.000554896 1.5
0.6 -0.00114012 1.5
0.7 0.00401647 1.5
0.8 0.008017 1.5
0.9 0.00946203 1.5
0 0 0
0 0 0
0 0 0
0 0 0
0 0 0
0 0 0
0 0 0
0 0 0
0 0 0
-1.1 0.00977025 1.6
-1 0.00506518 1.6
-0.9 0.000312421 1.6
-0.8 0.000923919 1.6
-0.7 0.0030867 1.6
-0.6 0.0001995 1.6
-0.5 -0.00120543 1.6
-0.4 0.00131303 1.6
-0.3 0.00214449 1.6
-0.2 0.00320942 1.6
-0.1 0.00128203 1.6
0 0.00248594 1.6
0.1 0.00241577 1.6
0.2 0.00227557 1.6
0.3 0.00380005 1.6
0.4 0.00353946 1.6
0.5 -0.000611878 1.6
0.6 -0.00325014 1.6
0.7 0.00376984 1.6
0.8 0.00725742 1.6
0.9 0.00912583 1.6
1 0.00983002 1.6
0 0 0
0 0 0
0 0 0
0 0 0
0 0 0
0 0 0
0 0 0
0 0 0
-1.1 0.00676394 1.7
-1 0.00188609 1.7
-0.9 0.000223995 1.7
-0.8 0.00242912 1.7
-0.7 0.00304398 1.7
-0.6 -0.000696824 1.7
-0.5 -0.000656465 1.7
-0.4 0.00104689 1.7
-0.3 0.00284771 1.7
-0.2 0.00263159 1.7
-0.1 0.00107869 1.7
0 0.00308961 1.7
0.1 0.00305186 1.7
0.2 0.00314576 1.7
0.3 0.00364957 1.7
0.4 0.00383918 1.7
0.5 0.000526045 1.7
0.6 -0.0035497 1.7
0.7 3.74105e-05 1.7
0.8 0.00344494 1.7
0.9 0.00791354 1.7
1 0.0105607 1.7
0 0 0
0 0 0
0 0 0
0 0 0
0 0 0
0 0 0
0 0 0
-1.2 0.00909832 1.8
-1.1 0.00676071 1.8
-1 0.00143213 1.8
-0.9 0.00148986 1.8
-0.8 0.00478496 1.8
-0.7 0.0035672 1.8
-0.6 -0.000177082 1.8
-0.5 -0.00156096 1.8
-0.4 0.000416109 1.8
-0.3 0.00182935 1.8
-0.2 0.000997958 1.8
-0.1 0.00179992 1.8
0 0.00388571 1.8
0.1 0.00332349 1.8
0.2 0.00298121 1.8
0.3 0.00185606 1.8
0.4 0.00497172 1.8
0.5 0.000713276 1.8
0.6 -0.00389606 1.8
0.7 -0.00279737 1.8
0.8 0.00253989 1.8
0.9 0.00685717 1.8
1 0.00842391 1.8
1.1 0.00933723 1.8
0 0 0
0 0 0
0 0 0
0 0 0
0 0 0
0 0 0
-1.2 0.00934002 1.9
-1.1 0.006896 1.9
-1 0.00191664 1.9
-0.9 0.00447237 1.9
-0.8 0.00550785 1.9
-0.7 0.0040368 1.9
-0.6 0.00107646 1.9
-0.5 -0.000987746 1.9
-0.4 0.00202431 1.9
-0.3 0.00405265 1.9
-0.2 0.00195327 1.9
-0.1 0.000184694 1.9
0 0.00453287 1.9
0.1 0.00308638 1.9
0.2 0.00482181 1.9
0.3 0.00155017 1.9
0.4 0.00370433 1.9
0.5 0.0019468 1.9
0.6 -0.00456669 1.9
0.7 -0.00613683 1.9
0.8 -0.00152775 1.9
0.9 0.00362551 1.9
1 0.00876276 1.9
1.1 0.00517495 1.9
0 0 0
0 0 0
0 0 0
0 0 0
0 0 0
-1.3 0.0122515 2
-1.2 0.0143978 2
-1.1 0.011632 2
-1 0.0025215 2
-0.9 0.0080411 2
-0.8 0.00608747 2
-0.7 0.00356298 2
-0.6 0.00160245 2
-0.5 0.000795624 2
-0.4 0.00321007 2
-0.3 0.00156837 2
-0.2 0.000792622 2
-0.1 0.000131739 2
0 0.00432961 2
0.1 0.00313278 2
0.2 0.00377855 2
0.3 0.00284677 2
0.4 0.0023698 2
0.5 -9.98881e-05 2
0.6 -0.0036178 2
0.7 -0.0061287 2
0.8 -0.0030908 2
0.9 0.00111893 2
1 0.00602313 2
1.1 0.00460546 2
1.2 0.00387988 2
0 0 0
0 0 0
0 0 0
0 0 0
-1.3 0.0109489 2.1
-1.2 0.00894362 2.1
-1.1 0.0027585 2.1
-1 0.00594868 2.1
-0.9 0.00728855 2.1
-0.8 0.00674737 2.1
-0.7 0.00696882 2.1
-0.6 0.00152911 2.1
-0.5 0.00170539 2.1
-0.4 0.00170602 2.1
-0.3 0.00104574 2.1
-0.2 -7.73093e-05 2.1
-0.1 0.00028807 2.1
0 0.00282952 2.1
0.1 0.00218827 2.1
0.2 0.00242161 2.1
0.3 0.0014138 2.1
0.4 0.000137332 2.1
0.5 0.000238854 2.1
0.6 -0.00180153 2.1
0.7 -0.00576826 2.1
0.8 -0.00632743 2.1
0.9 0.00145249 2.1
1 0.00324198 2.1
1.1 0.00459905 2.1
1.2 0.00632415 2.1
0 0 0
0 0 0
0 0 0
-1.4 0.0103482 2.2
-1.3 0.011119 2.2
-1.2 0.00595574 2.2
-1.1 0.00142765 2.2
-1 0.0073798 2.2
-0.9 0.00785133 2.2
-0.8 0.0070588 2.2
-0.7 0.00573942 2.2
-0.6 0.00165364 2.2
-0.5 0.00314636 2.2
-0.4 0.00146709 2.2
-0.3 0.00254466 2.2
-0.2 0.0011802 2.2
-0.1 -0.0012946 2.2
0 0.000497861 2.2
0.1 0.000918047 2.2
0.2 0.00312461 2.2
0.3 0.00125948 2.2
0.4 -0.00136789 2.2
0.5 -0.000242875 2.2
0.6 -0.00224484 2.2
0.7 -0.00695964 2.2
0.8 -0.0069973 2.2
0.9 -0.00204886 2.2
1 0.00105782 2.2
1.1 0.00446666 2.2
1.2 0.00490167 2.2
1.3 0.00868025 2.2
0 0 0
0 0 0
-1.4 0.010719 2.3
-1.3 0.0108335 2.3
-1.2 0.00429507 2.3
-1.1 0.00287803 2.3
-1 0.00668528 2.3
-0.9 0.0100895 2.3
-0.8 0.00893364 2.3
-0.7 0.0066417 2.3
-0.6 0.00471836 2.3
-0.5 0.00503372 2.3
-0.4 0.00300422 2.3
-0.3 0.00311892 2.3
-0.2 -0.00119049 2.3
-0.1 -0.00437163 2.3
0 0.00074567 2.3
0.1 0.00198349 2.3
0.2 0.000709559 2.3
0.3 0.000304504 2.3
0.4 -0.0018958 2.3
0.5 0.00184271 2.3
0.6 -0.000865311 2.3
0.7 -0.00599768 2.3
0.8 -0.00777557 2.3
0.9 -0.00765573 2.3
1 0.00052712 2.3
1.1 0.00584656 2.3
1.2 0.00708726 2.3
1.3 0.0110226 2.3
0 0 0
-1.5 0.0191546 2.4
-1.4 0.0115521 2.4
-1.3 0.00813704 2.4
-1.2 0.00898586 2.4
-1.1 0.00977623 2.4
-1 0.0104557 2.4
-0.9 0.00801201 2.4
-0.8 0.00849623 2.4
-0.7 0.00710853 2.4
-0.6 0.0058854 2.4
-0.5 0.00749738 2.4
-0.4 0.00336079 2.4
-0.3 0.00236723 2.4
-0.2 -9.9303e-05 2.4
-0.1 -0.0024745 2.4
0 0.00154755 2.4
0.1 0.000116847 2.4
0.2 -9.29579e-05 2.4
0.3 -0.0013982 2.4
0.4 -0.00100828 2.4
0.5 -0.000659166 2.4
0.6 -0.00259239 2.4
0.7 -0.00454306 2.4
0.8 -0.00610435 2.4
0.9 -0.00366137 2.4
1 0.00442947 2.4
1.1 0.00742643 2.4
1.2 0.00608885 2.4
1.3 0.0118866 2.4
1.4 0.0030144 2.4
-1.5 0.0208022 2.5
-1.4 0.00857031 2.5
-1.3 0.00820318 2.5
-1.2 0.00227709 2.5
-1.1 0.0130597 2.5
-1 0.0087852 2.5
-0.9 0.0100815 2.5
-0.8 0.00891355 2.5
-0.7 0.00730207 2.5
-0.6 0.00724046 2.5
-0.5 0.00717125 2.5
-0.4 0.0023183 2.5
-0.3 0.00189501 2.5
-0.2 -0.00158744 2.5
-0.1 -0.00436037 2.5
0 0.00267975 2.5
0.1 0.000141987 2.5
0.2 -0.00292855 2.5
0.3 -0.00473089 2.5
0.4 -0.00503583 2.5
0.5 -0.001177 2.5
0.6 -0.00360739 2.5
0.7 -0.0042224 2.5
0.8 -0.0056518 2.5
0.9 -0.00500804 2.5
1 -0.00275882 2.5
1.1 0.00910378 2.5
1.2 0.00645925 2.5
1.3 0.0104222 2.5
1.4 0.00674853 2.5
-1.5 0.0202761 2.6
-1.4 0.0144809 2.6
-1.3 0.00326941 2.6
-1.2 0.00495719 2.6
-1.1 0.00962071 2.6
-1 0.00771968 2.6
-0.9 0.0129029 2.6
-0.8 0.0125995 2.6
-0.7 0.00828808 2.6
-0.6 0.0104685 2.6
-0.5 0.00580687 2.6
-0.4 0.00444253 2.6
-0.3 0.00395442 2.6
-0.2 -0.000631708 2.6
-0.1 -0.00468466 2.6
0 0.00150926 2.6
0.1 -0.000939832 2.6
0.2 0.000623108 2.6
0.3 -0.00435493 2.6
0.4 -0.00288021 2.6
0.5 -0.00461723 2.6
0.6 -0.00210377 2.6
0.7 -0.00819815 2.6
0.8 -0.00254137 2.6
0.9 -0.00962873 2.6
1 -0.00286277 2.6
1.1 0.000542856 2.6
1.2 0.00504734 2.6
1.3 0.00723801 2.6
1.4 0.00961985 2.6
-1.5 0.0169939 2.7
-1.4 0.0143458 2.7
-1.3 0.00177862 2.7
-1.2 0.0133464 2.7
-1.1 0.0102962 2.7
-1 0.00519458 2.7
-0.9 0.014334 2.7
-0.8 0.00816638 2.7
-0.7 0.00886318 2.7
-0.6 0.00846465 2.7
-0.5 0.00812322 2.7
-0.4 0.00634639 2.7
-0.3 0.0048476 2.7
-0.2 0.00294916 2.7
-0.1 -0.00420998 2.7
0 0.00278675 2.7
0.1 -0.00212127 2.7
0.2 -0.000184503 2.7
0.3 -0.000713278 2.7
0.4 -0.00428844 2.7
0.5 -0.00975296 2.7
0.6 -0.00214217 2.7
0.7 -0.00541055 2.7
0.8 -0.00624964 2.7
0.9 -0.00534963 2.7
1 -0.00646361 2.7
1.1 0.00541995 2.7
1.2 0.00838625 2.7
1.3 0.00600467 2.7
1.4 0.003541 2.7
-1.5 0.0257754 2.8
0 0 0
-1.3 0.0175807 2.8
-1.2 0.0129102 2.8
-1.1 0.0105315 2.8
-1 0.00656713 2.8
-0.9 0.00984321 2.8
-0.8 0.012247 2.8
-0.7 0.0124082 2.8
-0.6 0.013381 2.8
-0.5 0.0106012 2.8
-0.4 0.00572376 2.8
-0.3 0.00280239 2.8
-0.2 0.00554204 2.8
-0.1 0.00145767 2.8
0 0.00541665 2.8
0.1 0.00210473 2.8
0.2 -0.00289287 2.8
0.3 0.00430047 2.8
0.4 -0.000608439 2.8
0.5 -0.00840307 2.8
0.6 -0.00623425 2.8
0.7 -0.006599 2.8
0.8 -0.00616418 2.8
0.9 -0.00395879 2.8
1 -0.00519111 2.8
1.1 0.00382816 2.8
1.2 0.00630536 2.8
1.3 0.00923321 2.8
1.4 0.00612426 2.8
0 0 0
-1.4 0.00396625 2.9
-1.3 0.00827883 2.9
-1.2 0.0117941 2.9
-1.1 0.0069902 2.9
-1 0.00687111 2.9
-0.9 0.011712 2.9
-0.8 0.00989984 2.9
-0.7 0.0140291 2.9
-0.6 0.01584 2.9
-0.5 0.010928 2.9
-0.4 0.00659135 2.9
-0.3 0.00906814 2.9
-0.2 0.0100409 2.9
-0.1 0.00851625 2.9
0 0.00682503 2.9
0.1 -5.96314e-05 2.9
0.2 0.00428627 2.9
0.3 -0.00101956 2.9
0.4 -0.000838131 2.9
0.5 -0.0079838 2.9
0.6 -0.0108031 2.9
0.7 -0.00537612 2.9
0.8 -0.00608028 2.9
0.9 -0.00898325 2.9
1 -0.00791436 2.9
1.1 0.00526821 2.9
1.2 0.0105459 2.9
1.3 0.0133417 2.9
1.4 0.00735904 2.9
