0 0 0
0 0 0
0 0 0
0 0 0
0 0 0
0 0 0
0 0 0
0 0 0
0 0 0
0 0 0
0 0 0
0 0 0
0 0 0
0 0 0
0 0 0
0 0 0
0 0 0
0 0 0
0 0 0
0 0 0
0 0 0
0 0 0
0 0 0
0 0 0
0 0 0
0 0 0
0 0 0
0 0 0
0 0 0
0 0 0
0 0 0
0 0 0
0 0 0
0 0 0
0 0 0
0 0 0
0 0 0
0 0 0
0 0 0
0 0 0
0 0 0
0 0 0
0 0 0
0 0 0
0 0 0
0 0 0
0 0 0
0 0 0
0 0 0
0 0 0
0 0 0
0 0 0
0 0 0
0 0 0
0 0 0
0 0 0
0 0 0
0 0 0
0 0 0
0 0 0
0 0 0
0 0 0
0 0 0
0 0 0
0 0 0
0 0 0
0 0 0
0 0 0
0 0 0
0 0 0
0 0 0
0 0 0
0 0 0
0 0 0
0 0 0
0 0 0
0 0 0
0 0 0
0 0 0
0 0 0
0 0 0
0 0 0
0 0 0
0 0 0
0 0 0
0 0 0
0 0 0
0 0 0
0 0 0
0 0 0
0 0 0
0 0 0
0 0 0
0 0 0
0 0 0
0 0 0
0 0 0
0 0 0
0 0 0
0 0 0
0 0 0
0 0 0
0 0 0
0 0 0
0 0 0
0 0 0
0 0 0
0 0 0
0 0 0
0 0 0
0 0 0
0 0 0
0 0 0
0 0 0
0 0 0
0 0 0
0 0 0
0 0 0
0 0 0
0 0 0
0 0 0
0 0 0
0 0 0
0 0 0
0 0 0
0 0 0
0 0 0
0 0 0
0 0 0
0 0 0
0 0 0
0 0 0
0 0 0
0 0 0
0 0 0
0 0 0
0 0 0
0 0 0
0 0 0
0 0 0
0 0 0
0 0 0
0 0 0
0 0 0
0 0 0
0 0 0
0 0 0
0 0 0
0 0 0
0 0 0
0 0 0
0 0 0
0 0 0
0 0 0
0 0 0
0 0 0
0 0 0
0 0 0
0 0 0
0 0 0
0 0 0
0 0 0
0 0 0
0 0 0
0 0 0
0 0 0
0 0 0
0 0 0
0 0 0
0 0 0
0 0 0
0 0 0
0 0 0
0 0 0
0 0 0
0 0 0
0 0 0
0 0 0
0 0 0
0 0 0
0 0 0
0 0 0
0 0 0
0 0 0
0 0 0
0 0 0
0 0 0
0 0 0
0 0 0
-0.6 -0.00359635 0.6
-0.5 0.00229134 0.6
-0.4 0.00383007 0.6
-0.3 0.00213297 0.6
-0.2 0.00283631 0.6
-0.1 0.0011479 0.6
0 0.000899334 0.6
0.1 0.00145925 0.6
0.2 0.00387616 0.6
0.3 0.00540575 0.6
0.4 0.0063215 0.6
0.5 0.0136683 0.6
0 0 0
0 0 0
0 0 0
0 0 0
0 0 0
0 0 0
0 0 0
0 0 0
0 0 0
0 0 0
0 0 0
0 0 0
0 0 0
0 0 0
0 0 0
0 0 0
0 0 0
-0.7 -0.00132667 0.7
-0.6 -0.00077487 0.7
-0.5 0.000957071 0.7
-0.4 0.00149507 0.7
-0.3 0.00139982 0.7
-0.2 0.00220179 0.7
-0.1 0.00115295 0.7
0 0.00100787 0.7
0.1 -8.79004e-05 0.7
0.2 0.00315045 0.7
0.3 0.00537486 0.7
0.4 0.00825722 0.7
0.5 0.00933755 0.7
0 0 0
0 0 0
0 0 0
0 0 0
0 0 0
0 0 0
0 0 0
0 0 0
0 0 0
0 0 0
0 0 0
0 0 0
0 0 0
0 0 0
0 0 0
0 0 0
0 0 0
-0.7 0.00178654 0.8
-0.6 0.000660053 0.8
-0.5 0.00022934 0.8
-0.4 0.00132457 0.8
-0.3 0.00277314 0.8
-0.2 0.00300605 0.8
-0.1 0.00121754 0.8
0 0.00148167 0.8
0.1 -0.000906939 0.8
0.2 0.000670008 0.8
0.3 0.0021963 0.8
0.4 0.007553 0.8
0.5 0.0104178 0.8
0.6 0.00879611 0.8
0 0 0
0 0 0
0 0 0
0 0 0
0 0 0
0 0 0
0 0 0
0 0 0
0 0 0
0 0 0
0 0 0
0 0 0
0 0 0
0 0 0
0 0 0
-0.8 0.00334952 0.9
-0.7 0.00179307 0.9
-0.6 -0.000757071 0.9
-0.5 0.00144078 0.9
-0.4 0.00119202 0.9
-0.3 0.00273725 0.9
-0.2 0.00311754 0.9
-0.1 0.00163056 0.9
0 0.002694 0.9
0.1 0.000863308 0.9
0.2 0.000545775 0.9
0.3 0.000396762 0.9
0.4 0.00303252 0.9
0.5 0.00981016 0.9
0.6 0.0104676 0.9
0 0 0
0 0 0
0 0 0
0 0 0
0 0 0
0 0 0
0 0 0
0 0 0
0 0 0
0 0 0
0 0 0
0 0 0
0 0 0
0 0 0
0 0 0
-0.8 0.00484867 1
-0.7 0.00171765 1
-0.6 0.000484945 1
-0.5 0.00167876 1
-0.4 0.00114394 1
-0.3 0.00205419 1
-0.2 0.00235793 1
-0.1 0.00200352 1
0 0.00294031 1
0.1 0.00125529 1
0.2 0.000721953 1
0.3 -0.000529026 1
0.4 0.000510661 1
0.5 0.00689186 1
0.6 0.0106978 1
0.7 0.00914137 1
0 0 0
0 0 0
0 0 0
0 0 0
0 0 0
0 0 0
0 0 0
0 0 0
0 0 0
0 0 0
0 0 0
0 0 0
0 0 0
0 0 0
-0.8 0.0042198 1.1
-0.7 0.000612192 1.1
-0.6 0.00152216 1.1
-0.5 0.00134241 1.1
-0.4 -8.54039e-05 1.1
-0.3 0.00234664 1.1
-0.2 0.00328853 1.1
-0.1 0.00150657 1.1
0 0.00221541 1.1
0.1 0.00140178 1.1
0.2 0.00158097 1.1
0.3 0.000512695 1.1
0.4 -0.00182168 1.1
0.5 0.00197573 1.1
0.6 0.00843809 1.1
0.7 0.0104338 1.1
0 0 0
0 0 0
0 0 0
0 0 0
0 0 0
0 0 0
0 0 0
0 0 0
0 0 0
0 0 0
0 0 0
0 0 0
0 0 0
-0.9 0.00528869 1.2
-0.8 0.00334934 1.2
-0.7 0.000723572 1.2
-0.6 0.00326671 1.2
-0.5 0.000949171 1.2
-0.4 -0.000953279 1.2
-0.3 0.00229037 1.2
-0.2 0.00291025 1.2
-0.1 0.00190775 1.2
0 0.00227223 1.2
0.1 0.00108564 1.2
0.2 0.00215841 1.2
0.3 0.00197285 1.2
0.4 -0.00129569 1.2
0.5 -0.00113277 1.2
0.6 0.00562743 1.2
0.7 0.0104588 1.2
0.8 0.0104057 1.2
0 0 0
0 0 0
0 0 0
0 0 0
0 0 0
0 0 0
0 0 0
0 0 0
0 0 0
0 0 0
0 0 0
0 0 0
-0.9 0.0045016 1.3
-0.8 0.000544693 1.3
-0.7 0.00212732 1.3
-0.6 0.00296004 1.3
-0.5 0.000372052 1.3
-0.4 -0.00144657 1.3
-0.3 0.00324345 1.3
-0.2 0.00422033 1.3
-0.1 0.00300838 1.3
0 0.00357545 1.3
0.1 0.00100116 1.3
0.2 0.00159524 1.3
0.3 0.00391941 1.3
0.4 -3.40866e-06 1.3
0.5 -0.00250434 1.3
0.6 0.00232782 1.3
0.7 0.00703868 1.3
0.8 0.00830167 1.3
0 0 0
0 0 0
0 0 0
0 0 0
0 0 0
0 0 0
0 0 0
0 0 0
0 0 0
0 0 0
0 0 0
-1 0.00880479 1.4
-0.9 0.00322602 1.4
-0.8 0.000206009 1.4
-0.7 0.00176723 1.4
-0.6 0.00182164 1.4
-0.5 -0.000242686 1.4
-0.4 -0.000764195 1.4
-0.3 0.0035102 1.4
-0.2 0.00416333 1.4
-0.1 0.00273302 1.4
0 0.00415545 1.4
0.1 0.00141831 1.4
0.2 0.00252346 1.4
0.3 0.00530359 1.4
0.4 0.00204012 1.4
0.5 -0.00244977 1.4
0.6 -0.000526212 1.4
0.7 0.00548066 1.4
0.8 0.00915257 1.4
0.9 0.00893519 1.4
0 0 0
0 0 0
0 0 0
0 0 0
0 0 0
0 0 0
0 0 0
0 0 0
0 0 0
0 0 0
-1 0.00754108 1.5
-0.9 0.00202724 1.5
-0.8 -0.000561643 1.5
-0.7 0.00319276 1.5
-0.6 0.00111082 1.5
-0.5 -0.0010388 1.5
-0.4 -0.000277341 1.5
-0.3 0.00245211 1.5
-0.2 0.00268033 1.5
-0.1 0.00235343 1.5
0 0.00257926 1.5
0.1 0.00229233 1.5
0.2 0.00299117 1.5
0.3 0.00498435 1.5
0.4 0.00277849 1.5
0.5 -0.000849143 1.5
0.6 -0.00239319 1.5
0.7 0.00267043 1.5
0.8 0.00704932 1.5
0.9 0.00929279 1.5
0 0 0
0 0 0
0 0 0
0 0 0
0 0 0
0 0 0
0 0 0
0 0 0
0 0 0
-1.1 0.0124498 1.6
-1 0.00649821 1.6
-0.9 0.000912763 1.6
-0.8 0.00213942 1.6
-0.7 0.00343894 1.6
-0.6 0.001395 1.6
-0.5 -0.000716271 1.6
-0.4 0.00186076 1.6
-0.3 0.00188219 1.6
-0.2 0.00364191 1.6
-0.1 0.00148418 1.6
0 0.00317819 1.6
0.1 0.00235742 1.6
0.2 0.00247526 1.6
0.3 0.00303824 1.6
0.4 0.00388192 1.6
0.5 -0.000741285 1.6
0.6 -0.00314247 1.6
0.7 0.00246441 1.6
0.8 0.0059883 1.6
0.9 0.0080797 1.6
1 0.0080387 1.6
0 0 0
0 0 0
0 0 0
0 0 0
0 0 0
0 0 0
0 0 0
0 0 0
-1.1 0.00773665 1.7
-1 0.00229478 1.7
-0.9 -0.000371325 1.7
-0.8 0.00260651 1.7
-0.7 0.00319145 1.7
-0.6 -8.5043e-05 1.7
-0.5 -0.000749563 1.7
-0.4 0.00115579 1.7
-0.3 0.00237542 1.7
-0.2 0.00235952 1.7
-0.1 0.000678446 1.7
0 0.00229547 1.7
0.1 0.00323754 1.7
0.2 0.00215627 1.7
0.3 0.00281058 1.7
0.4 0.00446467 1.7
0.5 0.00111209 1.7
0.6 -0.00343394 1.7
0.7 -0.00167512 1.7
0.8 0.0027466 1.7
0.9 0.0073868 1.7
1 0.0080041 1.7
0 0 0
0 0 0
0 0 0
0 0 0
0 0 0
0 0 0
0 0 0
-1.2 0.012384 1.8
-1.1 0.00739867 1.8
-1 0.00271397 1.8
-0.9 0.00254157 1.8
-0.8 0.00516706 1.8
-0.7 0.00406877 1.8
-0.6 0.000462871 1.8
-0.5 3.07722e-05 1.8
-0.4 0.000190912 1.8
-0.3 0.00311088 1.8
-0.2 0.000904084 1.8
-0.1 0.00233547 1.8
0 0.00441571 1.8
0.1 0.00453981 1.8
0.2 0.00379973 1.8
0.3 0.00135162 1.8
0.4 0.00538389 1.8
0.5 0.000126003 1.8
0.6 -0.00301964 1.8
0.7 -0.00430724 1.8
0.8 0.00234862 1.8
0.9 0.00642517 1.8
1 0.00820817 1.8
1.1 0.00671098 1.8
0 0 0
0 0 0
0 0 0
0 0 0
0 0 0
0 0 0
-1.2 0.0134867 1.9
-1.1 0.00851401 1.9
-1 0.00226036 1.9
-0.9 0.00411748 1.9
-0.8 0.00388039 1.9
-0.7 0.00330416 1.9
-0.6 0.00202746 1.9
-0.5 0.000483891 1.9
-0.4 0.00246883 1.9
-0.3 0.00323265 1.9
-0.2 0.00207372 1.9
-0.1 0.000830196 1.9
0 0.0061001 1.9
0.1 0.00289802 1.9
0.2 0.00414165 1.9
0.3 0.00133382 1.9
0.4 0.00323256 1.9
0.5 0.00103675 1.9
0.6 -0.00439666 1.9
0.7 -0.00642005 1.9
0.8 -0.00219873 1.9
0.9 0.00164862 1.9
1 0.00692861 1.9
1.1 0.00842771 1.9
0 0 0
0 0 0
0 0 0
0 0 0
0 0 0
-1.3 0.0114183 2
-1.2 0.0132391 2
-1.1 0.00992965 2
-1 0.00303533 2
-0.9 0.00770777 2
-0.8 0.00652731 2
-0.7 0.00500984 2
-0.6 0.0031523 2
-0.5 0.00151216 2
-0.4 0.00209858 2
-0.3 0.0023492 2
-0.2 0.00110966 2
-0.1 0.00110668 2
0 0.00496509 2
0.1 0.00154786 2
0.2 0.00353735 2
0.3 0.00230733 2
0.4 0.00243192 2
0.5 -5.25489e-05 2
0.6 -0.00410472 2
0.7 -0.00599367 2
0.8 -0.00291083 2
0.9 -0.000574846 2
1 0.00673378 2
1.1 0.00489621 2
1.2 0.0068461 2
0 0 0
0 0 0
0 0 0
0 0 0
-1.3 0.0145735 2.1
-1.2 0.0105104 2.1
-1.1 0.00428 2.1
-1 0.00739868 2.1
-0.9 0.0097585 2.1
-0.8 0.00828764 2.1
-0.7 0.00757878 2.1
-0.6 0.00214193 2.1
-0.5 0.000628046 2.1
-0.4 -0.000476403 2.1
-0.3 0.00122943 2.1
-0.2 0.000733833 2.1
-0.1 0.000935142 2.1
0 0.00339852 2.1
0.1 0.00180596 2.1
0.2 0.00124199 2.1
0.3 0.0012755 2.1
0.4 0.000893319 2.1
0.5 0.000646603 2.1
0.6 -0.00252756 2.1
0.7 -0.00472796 2.1
0.8 -0.00655776 2.1
0.9 -0.000866025 2.1
1 0.00238377 2.1
1.1 0.00595816 2.1
1.2 0.00436641 2.1
0 0 0
0 0 0
0 0 0
-1.4 0.0188467 2.2
-1.3 0.0127292 2.2
-1.2 0.00568702 2.2
-1.1 0.00231123 2.2
-1 0.0105246 2.2
-0.9 0.0110654 2.2
-0.8 0.00757118 2.2
-0.7 0.00519413 2.2
-0.6 0.00337474 2.2
-0.5 0.00306693 2.2
-0.4 0.000863688 2.2
-0.3 0.00247778 2.2
-0.2 0.000394371 2.2
-0.1 -0.00113368 2.2
0 0.000506319 2.2
0.1 -0.000735248 2.2
0.2 0.00175424 2.2
0.3 0.00128936 2.2
0.4 -0.000976883 2.2
0.5 0.00109571 2.2
0.6 -0.00470402 2.2
0.7 -0.00817882 2.2
0.8 -0.00669736 2.2
0.9 -0.00641655 2.2
1 0.00108806 2.2
1.1 0.00350242 2.2
1.2 0.00248651 2.2
1.3 0.00294318 2.2
0 0 0
0 0 0
-1.4 0.0112647 2.3
-1.3 0.0100119 2.3
-1.2 0.00799623 2.3
-1.1 0.00220512 2.3
-1 0.00819101 2.3
-0.9 0.0105421 2.3
-0.8 0.00703317 2.3
-0.7 0.00585861 2.3
-0.6 0.00606428 2.3
-0.5 0.00586669 2.3
-0.4 0.0041424 2.3
-0.3 0.00339707 2.3
-0.2 9.24139e-05 2.3
-0.1 -0.00268012 2.3
0 -0.00135316 2.3
0.1 -0.00103085 2.3
0.2 -0.000359958 2.3
0.3 -0.00192784 2.3
0.4 -0.00492407 2.3
0.5 0.000694084 2.3
0.6 -0.00179034 2.3
0.7 -0.00761292 2.3
0.8 -0.00946975 2.3
0.9 -0.00553638 2.3
1 0.000267668 2.3
1.1 0.00257049 2.3
1.2 0.00194725 2.3
1.3 0.0105542 2.3
0 0 0
-1.5 0.0272183 2.4
-1.4 0.0131588 2.4
-1.3 0.00910989 2.4
-1.2 0.010047 2.4
-1.1 0.00772765 2.4
-1 0.011001 2.4
-0.9 0.0101251 2.4
-0.8 0.0116023 2.4
-0.7 0.00936707 2.4
-0.6 0.00706559 2.4
-0.5 0.00845404 2.4
-0.4 0.00391123 2.4
-0.3 -0.000472704 2.4
-0.2 -0.00229145 2.4
-0.1 -0.000766374 2.4
0 -0.000164254 2.4
0.1 0.00248071 2.4
0.2 -0.00135706 2.4
0.3 -0.00290925 2.4
0.4 -0.00446278 2.4
0.5 0.00111642 2.4
0.6 -0.00267217 2.4
0.7 -0.0052733 2.4
0.8 -0.00733947 2.4
0.9 -0.00746228 2.4
1 0.0011825 2.4
1.1 0.00367981 2.4
1.2 0.00321186 2.4
1.3 0.00616144 2.4
0 0 0
-1.5 0.0158181 2.5
-1.4 0.0114702 2.5
-1.3 0.00470094 2.5
-1.2 0.00619703 2.5
-1.1 0.012606 2.5
-1 0.0109257 2.5
-0.9 0.0109796 2.5
-0.8 0.0107681 2.5
-0.7 0.0118733 2.5
-0.6 0.00808782 2.5
-0.5 0.00625126 2.5
-0.4 0.0027063 2.5
-0.3 0.00186494 2.5
-0.2 -0.00202027 2.5
-0.1 -0.00449938 2.5
0 0.000884585 2.5
0.1 0.00155887 2.5
0.2 0.000758753 2.5
0.3 -0.00068354 2.5
0.4 -0.00562509 2.5
0.5 -0.00321286 2.5
0.6 -0.00189931 2.5
0.7 -0.0034627 2.5
0.8 -0.00505006 2.5
0.9 -0.00878229 2.5
1 -0.00328234 2.5
1.1 0.00559911 2.5
1.2 0.00558683 2.5
1.3 0.00364432 2.5
1.4 0.00803503 2.5
-1.5 0.0120573 2.6
-1.4 0.00557652 2.6
-1.3 0.00435536 2.6
-1.2 0.00343093 2.6
-1.1 0.0145976 2.6
-1 0.012452 2.6
-0.9 0.0123363 2.6
-0.8 0.0121735 2.6
-0.7 0.0120285 2.6
-0.6 0.0129897 2.6
-0.5 0.00798383 2.6
-0.4 0.00594753 2.6
-0.3 0.0052592 2.6
-0.2 0.000446633 2.6
-0.1 -0.00305042 2.6
0 0.000548719 2.6
0.1 -0.00231717 2.6
0.2 0.00202257 2.6
0.3 -0.00298534 2.6
0.4 -0.00449975 2.6
0.5 -0.00225943 2.6
0.6 -0.0011324 2.6
0.7 -0.00546104 2.6
0.8 -0.00568025 2.6
0.9 -0.010138 2.6
1 -0.00501499 2.6
1.1 0.00209075 2.6
1.2 0.00303021 2.6
1.3 0.00641903 2.6
1.4 0.00392066 2.6
-1.5 0.0166898 2.7
-1.4 0.0135043 2.7
-1.3 0.00678301 2.7
-1.2 0.00649381 2.7
-1.1 0.0138701 2.7
-1 0.00724709 2.7
-0.9 0.0122035 2.7
-0.8 0.0139866 2.7
-0.7 0.00896065 2.7
-0.6 0.0125665 2.7
-0.5 0.0115077 2.7
-0.4 0.0089126 2.7
-0.3 0.00831285 2.7
-0.2 0.00422986 2.7
-0.1 -0.00104423 2.7
0 0.00421454 2.7
0.1 -0.00200224 2.7
0.2 0.00257516 2.7
0.3 -0.00276025 2.7
0.4 -0.00954132 2.7
0.5 -0.00632884 2.7
0.6 -0.00260192 2.7
0.7 -0.00693468 2.7
0.8 -0.0046775 2.7
0.9 -0.00693948 2.7
1 -0.00801352 2.7
1.1 0.00297274 2.7
1.2 0.00633773 2.7
1.3 0.00185545 2.7
1.4 -0.000920997 2.7
-1.5 0.0212534 2.8
-1.4 0.0117288 2.8
-1.3 0.0125291 2.8
-1.2 0.0127264 2.8
-1.1 0.0138909 2.8
-1 0.0132266 2.8
-0.9 0.00984006 2.8
-0.8 0.0169394 2.8
-0.7 0.00899718 2.8
-0.6 0.0108886 2.8
-0.5 0.00972566 2.8
-0.4 0.00786443 2.8
-0.3 0.00423481 2.8
-0.2 0.00468322 2.8
-0.1 0.00351048 2.8
0 0.00622367 2.8
0.1 4.39276e-05 2.8
0.2 -0.00481309 2.8
0.3 -0.00111823 2.8
0.4 -0.00150141 2.8
0.5 -0.00398995 2.8
0.6 -0.00380433 2.8
0.7 -0.0115019 2.8
0.8 -0.00613797 2.8
0.9 -0.00563507 2.8
1 -0.00237909 2.8
1.1 -0.000129378 2.8
1.2 0.00225715 2.8
1.3 -0.000937129 2.8
1.4 0.00256844 2.8
-1.5 0.0030887 2.9
-1.4 0.00881114 2.9
-1.3 0.00272774 2.9
-1.2 0.00813153 2.9
-1.1 0.00884949 2.9
-1 0.0154193 2.9
-0.9 0.0124982 2.9
-0.8 0.0124593 2.9
-0.7 0.0102186 2.9
-0.6 0.0165827 2.9
-0.5 0.0130685 2.9
-0.4 0.00602485 2.9
-0.3 0.00808356 2.9
-0.2 0.00214505 2.9
-0.1 0.00293117 2.9
0 0.00923048 2.9
0.1 0.000413054 2.9
0.2 -0.00284891 2.9
0.3 0.00094645 2.9
0.4 -0.00522516 2.9
0.5 -0.00530325 2.9
0.6 -0.00724475 2.9
0.7 -0.00973395 2.9
0.8 -0.00760713 2.9
0.9 -0.00601366 2.9
1 -0.00655414 2.9
1.1 -0.00406471 2.9
1.2 0.00510953 2.9
1.3 0.00147805 2.9
0 0 0
