0 0 0
0 0 0
0 0 0
0 0 0
0 0 0
0 0 0
0 0 0
0 0 0
0 0 0
0 0 0
0 0 0
0 0 0
0 0 0
0 0 0
0 0 0
0 0 0
0 0 0
0 0 0
0 0 0
0 0 0
0 0 0
0 0 0
0 0 0
0 0 0
0 0 0
0 0 0
0 0 0
0 0 0
0 0 0
0 0 0
0 0 0
0 0 0
0 0 0
0 0 0
0 0 0
0 0 0
0 0 0
0 0 0
0 0 0
0 0 0
0 0 0
0 0 0
0 0 0
0 0 0
0 0 0
0 0 0
0 0 0
0 0 0
0 0 0
0 0 0
0 0 0
0 0 0
0 0 0
0 0 0
0 0 0
0 0 0
0 0 0
0 0 0
0 0 0
0 0 0
0 0 0
0 0 0
0 0 0
0 0 0
0 0 0
0 0 0
0 0 0
0 0 0
0 0 0
0 0 0
0 0 0
0 0 0
0 0 0
0 0 0
0 0 0
0 0 0
0 0 0
0 0 0
0 0 0
0 0 0
0 0 0
0 0 0
0 0 0
0 0 0
0 0 0
0 0 0
0 0 0
0 0 0
0 0 0
0 0 0
0 0 0
0 0 0
0 0 0
0 0 0
0 0 0
0 0 0
0 0 0
0 0 0
0 0 0
0 0 0
0 0 0
0 0 0
0 0 0
0 0 0
0 0 0
0 0 0
0 0 0
0 0 0
0 0 0
0 0 0
0 0 0
0 0 0
0 0 0
0 0 0
0 0 0
0 0 0
0 0 0
0 0 0
0 0 0
0 0 0
0 0 0
0 0 0
0 0 0
0 0 0
0 0 0
0 0 0
0 0 0
0 0 0
0 0 0
0 0 0
0 0 0
0 0 0
0 0 0
0 0 0
0 0 0
0 0 0
0 0 0
0 0 0
0 0 0
0 0 0
0 0 0
0 0 0
0 0 0
0 0 0
0 0 0
0 0 0
0 0 0
0 0 0
0 0 0
0 0 0
0 0 0
0 0 0
0 0 0
0 0 0
0 0 0
0 0 0
0 0 0
0 0 0
0 0 0
0 0 0
0 0 0
0 0 0
0 0 0
0 0 0
0 0 0
0 0 0
0 0 0
0 0 0
0 0 0
0 0 0
0 0 0
0 0 0
0 0 0
0 0 0
0 0 0
0 0 0
0 0 0
0 0 0
0 0 0
0 0 0
0 0 0
0 0 0
0 0 0
0 0 0
0 0 0
0 0 0
0 0 0
0 0 0
0 0 0
-0.6 -0.00196628 0.6
-0.5 0.00419458 0.6
-0.4 0.00396763 0.6
-0.3 0.00287238 0.6
-0.2 0.00297264 0.6
-0.1 0.00105456 0.6
0 0.000796219 0.6
0.1 0.00117266 0.6
0.2 0.00349238 0.6
0.3 0.00478595 0.6
0.4 0.00500861 0.6
0.5 0.0127203 0.6
0 0 0
0 0 0
0 0 0
0 0 0
0 0 0
0 0 0
0 0 0
0 0 0
0 0 0
0 0 0
0 0 0
0 0 0
0 0 0
0 0 0
0 0 0
0 0 0
0 0 0
-0.7 -0.000686234 0.7
-0.6 -0.000213969 0.7
-0.5 0.00287162 0.7
-0.4 0.00168293 0.7
-0.3 0.00230142 0.7
-0.2 0.0023497 0.7
-0.1 0.00112654 0.7
0 0.00102627 0.7
0.1 -0.000304614 0.7
0.2 0.00224351 0.7
0.3 0.00512158 0.7
0.4 0.00629296 0.7
0.5 0.00897453 0.7
0 0 0
0 0 0
0 0 0
0 0 0
0 0 0
0 0 0
0 0 0
0 0 0
0 0 0
0 0 0
0 0 0
0 0 0
0 0 0
0 0 0
0 0 0
0 0 0
0 0 0
-0.7 0.00209624 0.8
-0.6 0.00199166 0.8
-0.5 0.00135545 0.8
-0.4 0.00164903 0.8
-0.3 0.00374571 0.8
-0.2 0.00290918 0.8
-0.1 0.00131389 0.8
0 0.00145985 0.8
0.1 -0.000947288 0.8
0.2 -0.000592171 0.8
0.3 0.00183754 0.8
0.4 0.00572158 0.8
0.5 0.00976704 0.8
0.6 0.00832332 0.8
0 0 0
0 0 0
0 0 0
0 0 0
0 0 0
0 0 0
0 0 0
0 0 0
0 0 0
0 0 0
0 0 0
0 0 0
0 0 0
0 0 0
0 0 0
-0.8 0.00306602 0.9
-0.7 0.00238081 0.9
-0.6 0.00144241 0.9
-0.5 0.0016572 0.9
-0.4 0.00148232 0.9
-0.3 0.00394512 0.9
-0.2 0.00316621 0.9
-0.1 0.00191512 0.9
0 0.00279857 0.9
0.1 0.000735453 0.9
0.2 -0.000591887 0.9
0.3 3.41127e-05 0.9
0.4 0.00223997 0.9
0.5 0.00787172 0.9
0.6 0.00975 0.9
0 0 0
0 0 0
0 0 0
0 0 0
0 0 0
0 0 0
0 0 0
0 0 0
0 0 0
0 0 0
0 0 0
0 0 0
0 0 0
0 0 0
0 0 0
-0.8 0.00556403 1
-0.7 0.00271695 1
-0.6 0.00243178 1
-0.5 0.00183444 1
-0.4 0.00171425 1
-0.3 0.00309737 1
-0.2 0.00247497 1
-0.1 0.00200147 1
0 0.00297374 1
0.1 0.000979968 1
0.2 -0.000537693 1
0.3 -0.000448291 1
0.4 -8.43469e-05 1
0.5 0.00432018 1
0.6 0.0100997 1
0.7 0.00928589 1
0 0 0
0 0 0
0 0 0
0 0 0
0 0 0
0 0 0
0 0 0
0 0 0
0 0 0
0 0 0
0 0 0
0 0 0
0 0 0
0 0 0
-0.8 0.00466656 1.1
-0.7 0.00307852 1.1
-0.6 0.00278768 1.1
-0.5 0.00150876 1.1
-0.4 0.00124559 1.1
-0.3 0.00280754 1.1
-0.2 0.00311409 1.1
-0.1 0.00137525 1.1
0 0.00210821 1.1
0.1 0.0013857 1.1
0.2 0.000232803 1.1
0.3 -0.000128296 1.1
0.4 -0.00259054 1.1
0.5 -0.000360167 1.1
0.6 0.00727359 1.1
0.7 0.00957939 1.1
0 0 0
0 0 0
0 0 0
0 0 0
0 0 0
0 0 0
0 0 0
0 0 0
0 0 0
0 0 0
0 0 0
0 0 0
0 0 0
-0.9 0.00615594 1.2
-0.8 0.00398402 1.2
-0.7 0.00447597 1.2
-0.6 0.00333375 1.2
-0.5 0.00122872 1.2
-0.4 0.000910025 1.2
-0.3 0.00250124 1.2
-0.2 0.00331174 1.2
-0.1 0.00228788 1.2
0 0.00209805 1.2
0.1 0.00127247 1.2
0.2 0.00158175 1.2
0.3 0.000852609 1.2
0.4 -0.00174439 1.2
0.5 -0.00209379 1.2
0.6 0.0023543 1.2
0.7 0.00976349 1.2
0.8 0.00994608 1.2
0 0 0
0 0 0
0 0 0
0 0 0
0 0 0
0 0 0
0 0 0
0 0 0
0 0 0
0 0 0
0 0 0
0 0 0
-0.9 0.0051603 1.3
-0.8 0.00238708 1.3
-0.7 0.00420667 1.3
-0.6 0.00336671 1.3
-0.5 0.000426001 1.3
-0.4 0.000442875 1.3
-0.3 0.00349562 1.3
-0.2 0.00424995 1.3
-0.1 0.00294603 1.3
0 0.00314273 1.3
0.1 0.000912843 1.3
0.2 0.00130979 1.3
0.3 0.00210178 1.3
0.4 -0.000446134 1.3
0.5 -0.00300594 1.3
0.6 -0.00159314 1.3
0.7 0.00619259 1.3
0.8 0.00803308 1.3
0 0 0
0 0 0
0 0 0
0 0 0
0 0 0
0 0 0
0 0 0
0 0 0
0 0 0
0 0 0
0 0 0
-1 0.0091342 1.4
-0.9 0.00369883 1.4
-0.8 0.00320247 1.4
-0.7 0.00293381 1.4
-0.6 0.00214399 1.4
-0.5 9.25704e-05 1.4
-0.4 0.00122403 1.4
-0.3 0.00381175 1.4
-0.2 0.0042667 1.4
-0.1 0.0024895 1.4
0 0.00345936 1.4
0.1 0.00163024 1.4
0.2 0.00233036 1.4
0.3 0.00301633 1.4
0.4 0.00184539 1.4
0.5 -0.00222199 1.4
0.6 -0.00247231 1.4
0.7 0.00246143 1.4
0.8 0.00807167 1.4
0.9 0.00822883 1.4
0 0 0
0 0 0
0 0 0
0 0 0
0 0 0
0 0 0
0 0 0
0 0 0
0 0 0
0 0 0
-1 0.00739555 1.5
-0.9 0.00325013 1.5
-0.8 0.00306241 1.5
-0.7 0.0032466 1.5
-0.6 0.00126877 1.5
-0.5 -0.000219948 1.5
-0.4 0.00223901 1.5
-0.3 0.00301491 1.5
-0.2 0.0026944 1.5
-0.1 0.00236934 1.5
0 0.00225608 1.5
0.1 0.00228746 1.5
0.2 0.00276014 1.5
0.3 0.00285496 1.5
0.4 0.00218371 1.5
0.5 -0.00104088 1.5
0.6 -0.00329314 1.5
0.7 -0.00107925 1.5
0.8 0.00684865 1.5
0.9 0.00875068 1.5
0 0 0
0 0 0
0 0 0
0 0 0
0 0 0
0 0 0
0 0 0
0 0 0
0 0 0
-1.1 0.0121965 1.6
-1 0.00697379 1.6
-0.9 0.00414956 1.6
-0.8 0.00485644 1.6
-0.7 0.00329696 1.6
-0.6 0.0013775 1.6
-0.5 0.000583653 1.6
-0.4 0.002628 1.6
-0.3 0.00162497 1.6
-0.2 0.00300368 1.6
-0.1 0.00182613 1.6
0 0.00290366 1.6
0.1 0.00183163 1.6
0.2 0.00276515 1.6
0.3 0.00111763 1.6
0.4 0.00292666 1.6
0.5 -0.000814951 1.6
0.6 -0.00338766 1.6
0.7 -0.00179027 1.6
0.8 0.00476918 1.6
0.9 0.00722914 1.6
1 0.00973617 1.6
0 0 0
0 0 0
0 0 0
0 0 0
0 0 0
0 0 0
0 0 0
0 0 0
-1.1 0.00927102 1.7
-1 0.00474766 1.7
-0.9 0.00503741 1.7
-0.8 0.00349694 1.7
-0.7 0.00374705 1.7
-0.6 0.000330687 1.7
-0.5 0.00196636 1.7
-0.4 0.00146906 1.7
-0.3 0.00272549 1.7
-0.2 0.00253253 1.7
-0.1 0.00152309 1.7
0 0.00267936 1.7
0.1 0.00349863 1.7
0.2 0.00243206 1.7
0.3 0.00138849 1.7
0.4 0.0031326 1.7
0.5 0.000753071 1.7
0.6 -0.00406271 1.7
0.7 -0.00332342 1.7
0.8 -0.000464857 1.7
0.9 0.00707304 1.7
1 0.00748777 1.7
0 0 0
0 0 0
0 0 0
0 0 0
0 0 0
0 0 0
0 0 0
-1.2 0.0109713 1.8
-1.1 0.0087516 1.8
-1 0.00465258 1.8
-0.9 0.00717262 1.8
-0.8 0.0064956 1.8
-0.7 0.00409493 1.8
-0.6 0.000930625 1.8
-0.5 0.00326861 1.8
-0.4 0.00141225 1.8
-0.3 0.00305281 1.8
-0.2 0.00192725 1.8
-0.1 0.00283515 1.8
0 0.00384501 1.8
0.1 0.00362996 1.8
0.2 0.00308766 1.8
0.3 -6.56192e-05 1.8
0.4 0.00315052 1.8
0.5 0.000521665 1.8
0.6 -0.00443629 1.8
0.7 -0.00532694 1.8
0.8 -0.00224016 1.8
0.9 0.00565501 1.8
1 0.00695232 1.8
1.1 0.00643134 1.8
0 0 0
0 0 0
0 0 0
0 0 0
0 0 0
0 0 0
-1.2 0.0170725 1.9
-1.1 0.00958045 1.9
-1 0.00689686 1.9
-0.9 0.00771194 1.9
-0.8 0.0057264 1.9
-0.7 0.00449673 1.9
-0.6 0.00117135 1.9
-0.5 0.00438086 1.9
-0.4 0.00348164 1.9
-0.3 0.00379205 1.9
-0.2 0.00202289 1.9
-0.1 0.00125833 1.9
0 0.00460804 1.9
0.1 0.00342686 1.9
0.2 0.00478156 1.9
0.3 0.000540495 1.9
0.4 0.00048536 1.9
0.5 0.000166415 1.9
0.6 -0.0047882 1.9
0.7 -0.0080625 1.9
0.8 -0.00639525 1.9
0.9 0.000246571 1.9
1 0.00446523 1.9
1.1 0.00513615 1.9
0 0 0
0 0 0
0 0 0
0 0 0
0 0 0
-1.3 0.0146055 2
-1.2 0.0134434 2
-1.1 0.0098292 2
-1 0.00807475 2
-0.9 0.00994124 2
-0.8 0.00694757 2
-0.7 0.00574359 2
-0.6 0.00359225 2
-0.5 0.00475821 2
-0.4 0.00138366 2
-0.3 0.00152308 2
-0.2 0.00159343 2
-0.1 0.0021853 2
0 0.00361539 2
0.1 0.00345214 2
0.2 0.0040882 2
0.3 0.00120001 2
0.4 -0.00225681 2
0.5 -0.00098586 2
0.6 -0.00436585 2
0.7 -0.00694756 2
0.8 -0.00707557 2
0.9 -0.00562198 2
1 0.00517952 2
1.1 0.00522093 2
1.2 0.00510817 2
0 0 0
0 0 0
0 0 0
0 0 0
-1.3 0.0120692 2.1
-1.2 0.00908921 2.1
-1.1 0.00586075 2.1
-1 0.0106672 2.1
-0.9 0.00780252 2.1
-0.8 0.00835168 2.1
-0.7 0.00787809 2.1
-0.6 0.00422125 2.1
-0.5 0.00416608 2.1
-0.4 0.000875726 2.1
-0.3 0.000841459 2.1
-0.2 0.001201 2.1
-0.1 -0.000701404 2.1
0 0.00197954 2.1
0.1 0.00109837 2.1
0.2 0.000401325 2.1
0.3 -0.000308512 2.1
0.4 -0.00449829 2.1
0.5 -0.000955906 2.1
0.6 -0.00382088 2.1
0.7 -0.00742809 2.1
0.8 -0.00817338 2.1
0.9 -0.00671198 2.1
1 0.000399751 2.1
1.1 0.00603951 2.1
1.2 0.00170887 2.1
0 0 0
0 0 0
0 0 0
-1.4 0.0122864 2.2
-1.3 0.0128407 2.2
-1.2 0.00713761 2.2
-1.1 0.00900361 2.2
-1 0.00667117 2.2
-0.9 0.0112988 2.2
-0.8 0.00952714 2.2
-0.7 0.0057753 2.2
-0.6 0.00515753 2.2
-0.5 0.00375149 2.2
-0.4 0.00154342 2.2
-0.3 0.00245366 2.2
-0.2 0.00114834 2.2
-0.1 -0.00103953 2.2
0 -0.000856546 2.2
0.1 0.00127689 2.2
0.2 0.00027857 2.2
0.3 0.000997702 2.2
0.4 -0.0033608 2.2
0.5 -0.00152494 2.2
0.6 -0.00534743 2.2
0.7 -0.0087305 2.2
0.8 -0.00831457 2.2
0.9 -0.00759789 2.2
1 -0.00366244 2.2
1.1 0.00381285 2.2
1.2 0.00126455 2.2
1.3 -0.00548874 2.2
0 0 0
0 0 0
-1.4 0.0144838 2.3
-1.3 0.0135042 2.3
-1.2 0.0119463 2.3
-1.1 0.00862748 2.3
-1 0.00453449 2.3
-0.9 0.00945929 2.3
-0.8 0.0101549 2.3
-0.7 0.00702114 2.3
-0.6 0.0101193 2.3
-0.5 0.00450788 2.3
-0.4 0.0034998 2.3
-0.3 0.0021431 2.3
-0.2 -0.00133335 2.3
-0.1 -0.00304738 2.3
0 -0.000293262 2.3
0.1 -0.000210921 2.3
0.2 -0.00254079 2.3
0.3 -0.000191783 2.3
0.4 -0.00341897 2.3
0.5 -0.0054335 2.3
0.6 -0.00414089 2.3
0.7 -0.00731938 2.3
0.8 -0.00901813 2.3
0.9 -0.00814845 2.3
1 -0.00620553 2.3
1.1 0.000288741 2.3
1.2 0.00287398 2.3
1.3 -0.000452364 2.3
0 0 0
-1.5 0.026651 2.4
-1.4 0.0188351 2.4
-1.3 0.0165408 2.4
-1.2 0.0205829 2.4
-1.1 0.0208902 2.4
-1 0.0123807 2.4
-0.9 0.012124 2.4
-0.8 0.0106208 2.4
-0.7 0.00655995 2.4
-0.6 0.0112438 2.4
-0.5 0.0077117 2.4
-0.4 0.00543846 2.4
-0.3 -4.14459e-05 2.4
-0.2 -0.00265438 2.4
-0.1 -0.00347735 2.4
0 -0.000262499 2.4
0.1 0.00151428 2.4
0.2 5.96673e-05 2.4
0.3 -0.00187691 2.4
0.4 -0.00453495 2.4
0.5 -0.00494014 2.4
0.6 -0.00227058 2.4
0.7 -0.00608376 2.4
0.8 -0.0104509 2.4
0.9 -0.00942988 2.4
1 -0.00263105 2.4
1.1 -0.000157521 2.4
1.2 0.00397621 2.4
1.3 0.00706274 2.4
0 0 0
-1.5 0.0214037 2.5
-1.4 0.0160141 2.5
-1.3 0.011547 2.5
-1.2 0.0109393 2.5
-1.1 0.0103516 2.5
-1 0.0112246 2.5
-0.9 0.0111512 2.5
-0.8 0.0102072 2.5
-0.7 0.00913586 2.5
-0.6 0.0132564 2.5
-0.5 0.00407489 2.5
-0.4 0.00112084 2.5
-0.3 0.00218791 2.5
-0.2 -0.00321449 2.5
-0.1 -0.00493677 2.5
0 -0.00066232 2.5
0.1 -0.0013255 2.5
0.2 0.00127035 2.5
0.3 -0.000280436 2.5
0.4 -0.00677335 2.5
0.5 -0.0106466 2.5
0.6 -0.00298741 2.5
0.7 -0.00103678 2.5
0.8 -0.00673097 2.5
0.9 -0.00714811 2.5
1 -0.00715059 2.5
1.1 -0.000177314 2.5
1.2 0.00527689 2.5
1.3 0.000173229 2.5
0 0 0
-1.5 0.0155361 2.6
-1.4 0.0118953 2.6
0 0 0
-1.2 0.0111323 2.6
-1.1 0.0117064 2.6
-1 0.0128535 2.6
-0.9 0.0116755 2.6
-0.8 0.010333 2.6
-0.7 0.00980943 2.6
-0.6 0.0140858 2.6
-0.5 0.00869501 2.6
-0.4 0.00463127 2.6
-0.3 0.00510395 2.6
-0.2 0.000495239 2.6
-0.1 -0.00359386 2.6
0 0.00156759 2.6
0.1 -0.00275265 2.6
0.2 0.00111842 2.6
0.3 -0.00299471 2.6
0.4 -0.00492685 2.6
0.5 -0.00760885 2.6
0.6 -0.00245816 2.6
0.7 -0.00596305 2.6
0.8 -0.00508941 2.6
0.9 -0.00991373 2.6
1 -0.00750907 2.6
1.1 -0.0028575 2.6
1.2 0.0031723 2.6
1.3 0.0041377 2.6
1.4 -0.00133432 2.6
-1.5 0.0141855 2.7
0 0 0
-1.3 0.00764682 2.7
-1.2 0.0131433 2.7
-1.1 0.011111 2.7
-1 0.0126056 2.7
-0.9 0.0148027 2.7
-0.8 0.0108967 2.7
-0.7 0.0138951 2.7
-0.6 0.00957283 2.7
-0.5 0.0136908 2.7
-0.4 0.00653485 2.7
-0.3 0.00504078 2.7
-0.2 0.00339741 2.7
-0.1 0.0010733 2.7
0 0.0062665 2.7
0.1 -0.00107547 2.7
0.2 0.000895137 2.7
0.3 -0.00133039 2.7
0.4 -0.00589352 2.7
0.5 -0.0116368 2.7
0.6 -0.00643005 2.7
0.7 -0.00541281 2.7
0.8 -0.00487085 2.7
0.9 -0.00807143 2.7
1 -0.00819826 2.7
1.1 -0.00490988 2.7
1.2 0.00170873 2.7
1.3 0.00103451 2.7
1.4 -0.00267229 2.7
0 0 0
0 0 0
-1.3 0.0109955 2.8
-1.2 0.0122593 2.8
-1.1 0.0172749 2.8
-1 0.0141745 2.8
-0.9 0.0149659 2.8
-0.8 0.0153032 2.8
-0.7 0.0163323 2.8
-0.6 0.0112307 2.8
-0.5 0.00956747 2.8
-0.4 0.00732884 2.8
-0.3 0.00548641 2.8
-0.2 0.00552116 2.8
-0.1 0.000319809 2.8
0 0.00711557 2.8
0.1 -0.00151789 2.8
0.2 -0.00280422 2.8
0.3 1.86233e-05 2.8
0.4 -0.00123265 2.8
0.5 -0.00725694 2.8
0.6 -0.0106129 2.8
0.7 -0.00734485 2.8
0.8 -0.00752082 2.8
0.9 -0.0116536 2.8
1 -0.0074403 2.8
1.1 -0.0053268 2.8
1.2 -0.00801979 2.8
1.3 -0.00153126 2.8
1.4 0.00185372 2.8
0 0 0
0 0 0
-1.3 0.00963877 2.9
-1.2 0.00994302 2.9
-1.1 0.0121826 2.9
-1 0.0169878 2.9
-0.9 0.0146019 2.9
-0.8 0.0146944 2.9
-0.7 0.0198676 2.9
-0.6 0.0162382 2.9
-0.5 0.0137246 2.9
-0.4 0.00911805 2.9
-0.3 0.0119326 2.9
-0.2 0.00436931 2.9
-0.1 0.00237847 2.9
0 0.0102351 2.9
0.1 -0.00328022 2.9
0.2 -0.000892975 2.9
0.3 -0.00275348 2.9
0.4 -0.00599983 2.9
0.5 -0.0122853 2.9
0.6 -0.009558 2.9
0.7 -0.0093691 2.9
0.8 -0.00945072 2.9
0.9 -0.0124297 2.9
1 -0.00952668 2.9
1.1 -0.00434988 2.9
1.2 -0.002178 2.9
1.3 0.00231395 2.9
1.4 -0.00386236 2.9
