0 0 0
0 0 0
0 0 0
0 0 0
0 0 0
0 0 0
0 0 0
0 0 0
0 0 0
0 0 0
0 0 0
0 0 0
0 0 0
0 0 0
0 0 0
0 0 0
0 0 0
0 0 0
0 0 0
0 0 0
0 0 0
0 0 0
0 0 0
0 0 0
0 0 0
0 0 0
0 0 0
0 0 0
0 0 0
0 0 0
0 0 0
0 0 0
0 0 0
0 0 0
0 0 0
0 0 0
0 0 0
0 0 0
0 0 0
0 0 0
0 0 0
0 0 0
0 0 0
0 0 0
0 0 0
0 0 0
0 0 0
0 0 0
0 0 0
0 0 0
0 0 0
0 0 0
0 0 0
0 0 0
0 0 0
0 0 0
0 0 0
0 0 0
0 0 0
0 0 0
0 0 0
0 0 0
0 0 0
0 0 0
0 0 0
0 0 0
0 0 0
0 0 0
0 0 0
0 0 0
0 0 0
0 0 0
0 0 0
0 0 0
0 0 0
0 0 0
0 0 0
0 0 0
0 0 0
0 0 0
0 0 0
0 0 0
0 0 0
0 0 0
0 0 0
0 0 0
0 0 0
0 0 0
0 0 0
0 0 0
0 0 0
0 0 0
0 0 0
0 0 0
0 0 0
0 0 0
0 0 0
0 0 0
0 0 0
0 0 0
0 0 0
0 0 0
0 0 0
0 0 0
0 0 0
0 0 0
0 0 0
0 0 0
0 0 0
0 0 0
0 0 0
0 0 0
0 0 0
0 0 0
0 0 0
0 0 0
0 0 0
0 0 0
0 0 0
0 0 0
0 0 0
0 0 0
0 0 0
0 0 0
0 0 0
0 0 0
0 0 0
0 0 0
0 0 0
0 0 0
0 0 0
0 0 0
0 0 0
0 0 0
0 0 0
0 0 0
0 0 0
0 0 0
0 0 0
0 0 0
0 0 0
0 0 0
0 0 0
0 0 0
0 0 0
0 0 0
0 0 0
0 0 0
0 0 0
0 0 0
0 0 0
0 0 0
0 0 0
0 0 0
0 0 0
0 0 0
0 0 0
0 0 0
0 0 0
0 0 0
0 0 0
0 0 0
0 0 0
0 0 0
0 0 0
0 0 0
0 0 0
0 0 0
0 0 0
0 0 0
0 0 0
0 0 0
0 0 0
0 0 0
0 0 0
0 0 0
0 0 0
0 0 0
0 0 0
0 0 0
0 0 0
0 0 0
0 0 0
0 0 0
0 0 0
0 0 0
0 0 0
0 0 0
0 0 0
-0.6 0.00153743 0.6
-0.5 0.00393009 0.6
-0.4 0.00380745 0.6
-0.3 0.0027339 0.6
-0.2 0.00233781 0.6
-0.1 0.00128386 0.6
0 -0.000756136 0.6
0.1 0.000529227 0.6
0.2 0.00299995 0.6
0.3 0.00435384 0.6
0.4 0.0051055 0.6
0.5 0.0106128 0.6
0 0 0
0 0 0
0 0 0
0 0 0
0 0 0
0 0 0
0 0 0
0 0 0
0 0 0
0 0 0
0 0 0
0 0 0
0 0 0
0 0 0
0 0 0
0 0 0
0 0 0
-0.7 -0.00161711 0.7
-0.6 0.000598451 0.7
-0.5 0.00271282 0.7
-0.4 0.00231248 0.7
-0.3 0.00227043 0.7
-0.2 0.00205133 0.7
-0.1 0.00111918 0.7
0 -0.000812714 0.7
0.1 -0.00113995 0.7
0.2 0.000939214 0.7
0.3 0.00480307 0.7
0.4 0.00678647 0.7
0.5 0.00830245 0.7
0 0 0
0 0 0
0 0 0
0 0 0
0 0 0
0 0 0
0 0 0
0 0 0
0 0 0
0 0 0
0 0 0
0 0 0
0 0 0
0 0 0
0 0 0
0 0 0
0 0 0
-0.7 0.00269294 0.8
-0.6 0.00277272 0.8
-0.5 0.000992677 0.8
-0.4 0.00177312 0.8
-0.3 0.00302656 0.8
-0.2 0.00243287 0.8
-0.1 0.00120317 0.8
0 -0.000145515 0.8
0.1 -0.00187555 0.8
0.2 -0.00156539 0.8
0.3 0.00101823 0.8
0.4 0.00632011 0.8
0.5 0.00949304 0.8
0.6 0.00855151 0.8
0 0 0
0 0 0
0 0 0
0 0 0
0 0 0
0 0 0
0 0 0
0 0 0
0 0 0
0 0 0
0 0 0
0 0 0
0 0 0
0 0 0
0 0 0
-0.8 0.00663237 0.9
-0.7 0.0032098 0.9
-0.6 0.000969215 0.9
-0.5 0.000737572 0.9
-0.4 0.00204815 0.9
-0.3 0.00235163 0.9
-0.2 0.00239387 0.9
-0.1 0.00186415 0.9
0 0.00103106 0.9
0.1 -0.000553632 0.9
0.2 -0.00181344 0.9
0.3 -0.00183717 0.9
0.4 0.00204085 0.9
0.5 0.00809243 0.9
0.6 0.00954284 0.9
0 0 0
0 0 0
0 0 0
0 0 0
0 0 0
0 0 0
0 0 0
0 0 0
0 0 0
0 0 0
0 0 0
0 0 0
0 0 0
0 0 0
0 0 0
-0.8 0.00501663 1
-0.7 0.00269514 1
-0.6 0.000930594 1
-0.5 0.00140097 1
-0.4 0.00221962 1
-0.3 0.00138284 1
-0.2 0.00186106 1
-0.1 0.00156684 1
0 0.00107848 1
0.1 0.000142245 1
0.2 -0.000830784 1
0.3 -0.00210206 1
0.4 -0.000572991 1
0.5 0.00521843 1
0.6 0.00913915 1
0.7 0.00888768 1
0 0 0
0 0 0
0 0 0
0 0 0
0 0 0
0 0 0
0 0 0
0 0 0
0 0 0
0 0 0
0 0 0
0 0 0
0 0 0
-0.9 0.00310651 1.1
-0.8 0.00459506 1.1
-0.7 0.00141376 1.1
-0.6 0.000410237 1.1
-0.5 0.00141047 1.1
-0.4 0.000787579 1.1
-0.3 0.00027179 1.1
-0.2 0.0018575 1.1
-0.1 0.001569 1.1
0 0.000557476 1.1
0.1 0.000558882 1.1
0.2 0.000497034 1.1
0.3 -0.00146102 1.1
0.4 -0.00249197 1.1
0.5 0.00100115 1.1
0.6 0.00688547 1.1
0.7 0.011424 1.1
0 0 0
0 0 0
0 0 0
0 0 0
0 0 0
0 0 0
0 0 0
0 0 0
0 0 0
0 0 0
0 0 0
0 0 0
0 0 0
-0.9 0.00362997 1.2
-0.8 0.0023056 1.2
-0.7 0.00120674 1.2
-0.6 0.00128684 1.2
-0.5 0.000228974 1.2
-0.4 -0.000249333 1.2
-0.3 -7.70254e-05 1.2
-0.2 0.00255141 1.2
-0.1 0.00205085 1.2
0 -4.85723e-05 1.2
0.1 5.99815e-05 1.2
0.2 0.00172937 1.2
0.3 -0.000264107 1.2
0.4 -0.00303227 1.2
0.5 -0.00189649 1.2
0.6 0.00380791 1.2
0.7 0.0104215 1.2
0.8 0.0101507 1.2
0 0 0
0 0 0
0 0 0
0 0 0
0 0 0
0 0 0
0 0 0
0 0 0
0 0 0
0 0 0
0 0 0
0 0 0
-0.9 0.00246915 1.3
-0.8 -0.000380463 1.3
-0.7 0.000916087 1.3
-0.6 0.00118144 1.3
-0.5 -0.000575835 1.3
-0.4 -0.00127522 1.3
-0.3 0.00129546 1.3
-0.2 0.00341 1.3
-0.1 0.00259362 1.3
0 0.000412237 1.3
0.1 -2.56769e-05 1.3
0.2 0.00159299 1.3
0.3 0.0016165 1.3
0.4 -0.00183235 1.3
0.5 -0.0021693 1.3
0.6 3.54685e-05 1.3
0.7 0.00687188 1.3
0.8 0.0102036 1.3
0 0 0
0 0 0
0 0 0
0 0 0
0 0 0
0 0 0
0 0 0
0 0 0
0 0 0
0 0 0
0 0 0
-1 0.00406336 1.4
-0.9 -0.000233665 1.4
-0.8 -0.000687162 1.4
-0.7 -0.000551986 1.4
-0.6 0.000277686 1.4
-0.5 -0.00113398 1.4
-0.4 -0.00185043 1.4
-0.3 0.000484631 1.4
-0.2 0.00362035 1.4
-0.1 0.00248475 1.4
0 0.00100083 1.4
0.1 0.000133723 1.4
0.2 0.00262006 1.4
0.3 0.00304937 1.4
0.4 0.000326324 1.4
0.5 -0.00162497 1.4
0.6 -0.000159872 1.4
0.7 0.00425356 1.4
0.8 0.0102188 1.4
0.9 0.0113051 1.4
0 0 0
0 0 0
0 0 0
0 0 0
0 0 0
0 0 0
0 0 0
0 0 0
0 0 0
0 0 0
-1 0.00416257 1.5
-0.9 -0.00157508 1.5
-0.8 -0.00206955 1.5
-0.7 -0.000119197 1.5
-0.6 -0.000566272 1.5
-0.5 -0.00172169 1.5
-0.4 -0.00226268 1.5
-0.3 0.000332717 1.5
-0.2 0.0021309 1.5
-0.1 0.00135642 1.5
0 0.00037252 1.5
0.1 0.000349242 1.5
0.2 0.00222485 1.5
0.3 0.00356261 1.5
0.4 0.00174388 1.5
0.5 -0.00195623 1.5
0.6 -0.00107849 1.5
0.7 0.00215977 1.5
0.8 0.00758961 1.5
0.9 0.0116068 1.5
0 0 0
0 0 0
0 0 0
0 0 0
0 0 0
0 0 0
0 0 0
0 0 0
0 0 0
-1.1 0.00473638 1.6
-1 0.00225588 1.6
-0.9 -0.00093908 1.6
-0.8 -0.00204789 1.6
-0.7 0.000885013 1.6
-0.6 0.000345687 1.6
-0.5 -0.00135123 1.6
-0.4 -0.00154331 1.6
-0.3 -0.000559633 1.6
-0.2 0.00220838 1.6
-0.1 0.00130525 1.6
0 0.000544468 1.6
0.1 0.000539689 1.6
0.2 0.00128388 1.6
0.3 0.00280144 1.6
0.4 0.00187663 1.6
0.5 -0.00136853 1.6
0.6 -0.00177047 1.6
0.7 0.00277234 1.6
0.8 0.00655268 1.6
0.9 0.00975885 1.6
1 0.0104333 1.6
0 0 0
0 0 0
0 0 0
0 0 0
0 0 0
0 0 0
0 0 0
0 0 0
-1.1 0.00609809 1.7
-1 0.00126626 1.7
-0.9 -0.00147795 1.7
-0.8 -0.00136863 1.7
-0.7 -0.00112313 1.7
-0.6 -0.00242393 1.7
-0.5 -0.00248708 1.7
-0.4 -0.0017066 1.7
-0.3 0.000356512 1.7
-0.2 0.000610212 1.7
-0.1 0.00212738 1.7
0 -1.5463e-05 1.7
0.1 0.000639012 1.7
0.2 0.000997063 1.7
0.3 0.00273099 1.7
0.4 0.00228304 1.7
0.5 0.000481861 1.7
0.6 -0.0012376 1.7
0.7 0.000195212 1.7
0.8 0.00444323 1.7
0.9 0.00981292 1.7
1 0.0101962 1.7
0 0 0
0 0 0
0 0 0
0 0 0
0 0 0
0 0 0
0 0 0
-1.2 0.00559511 1.8
-1.1 0.00144944 1.8
-1 -0.00299865 1.8
-0.9 -0.000460988 1.8
-0.8 -0.0011155 1.8
-0.7 -0.000492877 1.8
-0.6 -0.00211594 1.8
-0.5 -0.00189565 1.8
-0.4 -0.00354864 1.8
-0.3 -0.000492668 1.8
-0.2 0.00207004 1.8
-0.1 0.00148556 1.8
0 0.00139019 1.8
0.1 0.00182811 1.8
0.2 0.00204134 1.8
0.3 0.0025017 1.8
0.4 0.00307496 1.8
0.5 0.00143317 1.8
0.6 -0.00337818 1.8
0.7 -0.00102722 1.8
0.8 0.00151949 1.8
0.9 0.00884441 1.8
1 0.0113667 1.8
1.1 0.0130411 1.8
0 0 0
0 0 0
0 0 0
0 0 0
0 0 0
0 0 0
-1.2 0.00834154 1.9
-1.1 -7.00669e-05 1.9
-1 -0.00167669 1.9
-0.9 0.000164043 1.9
-0.8 -0.00173843 1.9
-0.7 0.000480906 1.9
-0.6 -0.00122038 1.9
-0.5 -0.00184606 1.9
-0.4 0.000471842 1.9
-0.3 0.000724519 1.9
-0.2 0.00195028 1.9
-0.1 0.000949723 1.9
0 -0.000120961 1.9
0.1 0.00197874 1.9
0.2 0.00553415 1.9
0.3 0.00173197 1.9
0.4 0.00132114 1.9
0.5 0.000906397 1.9
0.6 -0.00368935 1.9
0.7 -0.00413402 1.9
0.8 0.000620265 1.9
0.9 0.00386942 1.9
1 0.00490782 1.9
1.1 0.00704224 1.9
0 0 0
0 0 0
0 0 0
0 0 0
0 0 0
0 0 0
0 0 0
-1.1 -0.00314778 2
-1 0.000389399 2
-0.9 0.00167318 2
-0.8 0.00229411 2
-0.7 0.00287874 2
-0.6 0.00387536 2
-0.5 -0.0027567 2
-0.4 -0.00331491 2
-0.3 -0.000174154 2
-0.2 0.000816466 2
-0.1 0.00202616 2
0 0.00409491 2
0.1 -7.68884e-05 2
0.2 0.00395813 2
0.3 0.00065873 2
0.4 0.00298366 2
0.5 0.00144229 2
0.6 -0.00474184 2
0.7 -0.00268064 2
0.8 0.00194817 2
0.9 0.00578781 2
1 0.00847885 2
0 0 0
0 0 0
0 0 0
0 0 0
0 0 0
0 0 0
0 0 0
0 0 0
0 0 0
-1 -0.00278842 2.1
-0.9 0.000475429 2.1
-0.8 0.00523082 2.1
-0.7 0.00293889 2.1
-0.6 0.000963658 2.1
-0.5 -0.00206671 2.1
-0.4 -0.000793115 2.1
-0.3 0.00269149 2.1
-0.2 0.000790544 2.1
-0.1 0.00119655 2.1
0 -0.00155979 2.1
0.1 0.000417325 2.1
0.2 0.00214857 2.1
0.3 -0.00133899 2.1
0.4 0.000109982 2.1
0.5 0.00128752 2.1
0.6 -0.00315211 2.1
0.7 -0.00186243 2.1
0.8 -0.00388678 2.1
0.9 0.00301184 2.1
1 0.00578645 2.1
1.1 0.00647666 2.1
0 0 0
0 0 0
0 0 0
0 0 0
0 0 0
0 0 0
0 0 0
0 0 0
-1 0.00590572 2.2
-0.9 0.00139138 2.2
-0.8 0.00448159 2.2
-0.7 0.00178937 2.2
-0.6 -0.000493664 2.2
-0.5 -0.00621075 2.2
-0.4 -0.0015336 2.2
-0.3 -0.000542114 2.2
-0.2 0.000241945 2.2
-0.1 -0.000253033 2.2
0 -0.00366828 2.2
0.1 -0.00149361 2.2
0.2 0.00226199 2.2
0.3 0.00106845 2.2
0.4 2.12463e-05 2.2
0.5 -0.00373212 2.2
0.6 -0.00131316 2.2
0.7 -0.00624947 2.2
0.8 -0.00148928 2.2
0.9 -0.00298774 2.2
1 0.00582278 2.2
0 0 0
0 0 0
0 0 0
0 0 0
0 0 0
0 0 0
0 0 0
0 0 0
0 0 0
0 0 0
-0.9 0.00443488 2.3
-0.8 0.00643131 2.3
-0.7 0.00601477 2.3
-0.6 0.00333561 2.3
-0.5 -0.00441889 2.3
-0.4 -0.00124583 2.3
-0.3 0.00184747 2.3
-0.2 0.0019249 2.3
-0.1 -0.00368922 2.3
0 -0.00225051 2.3
0.1 -0.000756911 2.3
0.2 -0.00041726 2.3
0.3 0.000301192 2.3
0.4 -0.000836555 2.3
0.5 -0.00114128 2.3
0.6 -0.00409851 2.3
0.7 -0.00966007 2.3
0.8 -0.00296919 2.3
0.9 -0.00923681 2.3
0 0 0
0 0 0
0 0 0
0 0 0
0 0 0
0 0 0
0 0 0
0 0 0
0 0 0
0 0 0
0 0 0
0 0 0
-0.8 0.0138588 2.4
-0.7 0.00868308 2.4
-0.6 0.0102612 2.4
-0.5 0.00133924 2.4
-0.4 -0.00103752 2.4
-0.3 0.00292372 2.4
-0.2 -0.000375632 2.4
-0.1 -0.000556334 2.4
0 -0.0049573 2.4
0.1 -0.00080585 2.4
0.2 0.00621582 2.4
0.3 -0.000424429 2.4
0.4 -0.00416624 2.4
0.5 -0.000685063 2.4
0.6 -0.00174163 2.4
0.7 -0.00578488 2.4
0.8 -0.00555622 2.4
0.9 -0.00868521 2.4
0 0 0
0 0 0
0 0 0
0 0 0
0 0 0
0 0 0
0 0 0
0 0 0
0 0 0
0 0 0
0 0 0
0 0 0
0 0 0
-0.7 0.000599062 2.5
-0.6 0.00365441 2.5
-0.5 -0.00256039 2.5
-0.4 0.000280364 2.5
-0.3 -0.000763555 2.5
-0.2 -0.00492145 2.5
-0.1 -0.0039292 2.5
0 -0.00321121 2.5
0.1 -0.000332155 2.5
0.2 0.00201139 2.5
0.3 0.000760302 2.5
0.4 -0.00095853 2.5
0.5 -0.00837219 2.5
0.6 -0.00475761 2.5
0.7 -0.00303153 2.5
0 0 0
0 0 0
0 0 0
0 0 0
0 0 0
0 0 0
0 0 0
0 0 0
0 0 0
0 0 0
0 0 0
0 0 0
0 0 0
0 0 0
0 0 0
-0.7 -0.00356061 2.6
-0.6 0.0105482 2.6
-0.5 0.00588089 2.6
-0.4 0.00307765 2.6
-0.3 -0.00291511 2.6
-0.2 -0.00141594 2.6
-0.1 0.0035957 2.6
0 -0.00858927 2.6
0.1 -0.00816305 2.6
0.2 -0.00454957 2.6
0.3 -0.00244836 2.6
0 0 0
0 0 0
0.6 0.000317127 2.6
0.7 -0.00177522 2.6
0 0 0
0 0 0
0 0 0
0 0 0
0 0 0
0 0 0
0 0 0
0 0 0
0 0 0
0 0 0
0 0 0
0 0 0
0 0 0
0 0 0
0 0 0
0 0 0
-0.6 0.00230524 2.7
0 0 0
0 0 0
-0.3 -0.00644064 2.7
-0.2 0.00797092 2.7
-0.1 0.00562906 2.7
0 -0.00235213 2.7
0.1 -0.00577974 2.7
0.2 -0.00541137 2.7
0 0 0
0 0 0
0 0 0
0 0 0
0.7 -0.00384393 2.7
0 0 0
0 0 0
0 0 0
0 0 0
0 0 0
0 0 0
0 0 0
0 0 0
0 0 0
0 0 0
0 0 0
0 0 0
0 0 0
0 0 0
0 0 0
0 0 0
0 0 0
0 0 0
0 0 0
0 0 0
-0.2 0.00192162 2.8
0 0 0
0 0.000171814 2.8
0.1 -0.00411995 2.8
0 0 0
0 0 0
0 0 0
0 0 0
0 0 0
0 0 0
0 0 0
0 0 0
0 0 0
0 0 0
0 0 0
0 0 0
0 0 0
0 0 0
0 0 0
0 0 0
0 0 0
0 0 0
0 0 0
0 0 0
0 0 0
0 0 0
0 0 0
0 0 0
0 0 0
0 0 0
0 0 0
0 0 0
0 0 0
0 0 0
0 0 0
0 0 0
0 0 0
0 0 0
0 0 0
0 0 0
0 0 0
0 0 0
0 0 0
0 0 0
0 0 0
0 0 0
0 0 0
