0 0 0
0 0 0
0 0 0
0 0 0
0 0 0
0 0 0
0 0 0
0 0 0
0 0 0
0 0 0
0 0 0
0 0 0
0 0 0
0 0 0
0 0 0
0 0 0
0 0 0
0 0 0
0 0 0
0 0 0
0 0 0
0 0 0
0 0 0
0 0 0
0 0 0
0 0 0
0 0 0
0 0 0
0 0 0
0 0 0
0 0 0
0 0 0
0 0 0
0 0 0
0 0 0
0 0 0
0 0 0
0 0 0
0 0 0
0 0 0
0 0 0
0 0 0
0 0 0
0 0 0
0 0 0
0 0 0
0 0 0
0 0 0
0 0 0
0 0 0
0 0 0
0 0 0
0 0 0
0 0 0
0 0 0
0 0 0
0 0 0
0 0 0
0 0 0
0 0 0
0 0 0
0 0 0
0 0 0
0 0 0
0 0 0
0 0 0
0 0 0
0 0 0
0 0 0
0 0 0
0 0 0
0 0 0
0 0 0
0 0 0
0 0 0
0 0 0
0 0 0
0 0 0
0 0 0
0 0 0
0 0 0
0 0 0
0 0 0
0 0 0
0 0 0
0 0 0
0 0 0
0 0 0
0 0 0
0 0 0
0 0 0
0 0 0
0 0 0
0 0 0
0 0 0
0 0 0
0 0 0
0 0 0
0 0 0
0 0 0
0 0 0
0 0 0
0 0 0
0 0 0
0 0 0
0 0 0
0 0 0
0 0 0
0 0 0
0 0 0
0 0 0
0 0 0
0 0 0
0 0 0
0 0 0
0 0 0
0 0 0
0 0 0
0 0 0
0 0 0
0 0 0
0 0 0
0 0 0
0 0 0
0 0 0
0 0 0
0 0 0
0 0 0
0 0 0
0 0 0
0 0 0
0 0 0
0 0 0
0 0 0
0 0 0
0 0 0
0 0 0
0 0 0
0 0 0
0 0 0
0 0 0
0 0 0
0 0 0
0 0 0
0 0 0
0 0 0
0 0 0
0 0 0
0 0 0
0 0 0
0 0 0
0 0 0
0 0 0
0 0 0
0 0 0
0 0 0
0 0 0
0 0 0
0 0 0
0 0 0
0 0 0
0 0 0
0 0 0
0 0 0
0 0 0
0 0 0
0 0 0
0 0 0
0 0 0
0 0 0
0 0 0
0 0 0
0 0 0
0 0 0
0 0 0
0 0 0
0 0 0
0 0 0
0 0 0
0 0 0
0 0 0
0 0 0
0 0 0
0 0 0
0 0 0
0 0 0
0 0 0
0 0 0
0 0 0
-0.6 0.000261438 0.6
-0.5 0.00516982 0.6
-0.4 0.00640564 0.6
-0.3 0.0041317 0.6
-0.2 0.00274568 0.6
-0.1 0.000980886 0.6
0 0.000854497 0.6
0.1 0.000993755 0.6
0.2 0.00103263 0.6
0.3 0.00247683 0.6
0.4 0.00294598 0.6
0.5 0.0090526 0.6
0 0 0
0 0 0
0 0 0
0 0 0
0 0 0
0 0 0
0 0 0
0 0 0
0 0 0
0 0 0
0 0 0
0 0 0
0 0 0
0 0 0
0 0 0
0 0 0
0 0 0
-0.7 0.00248211 0.7
-0.6 0.00259542 0.7
-0.5 0.00432001 0.7
-0.4 0.0045305 0.7
-0.3 0.00387451 0.7
-0.2 0.00236477 0.7
-0.1 0.000968947 0.7
0 0.000755606 0.7
0.1 -0.000507654 0.7
0.2 0.000198385 0.7
0.3 0.00214494 0.7
0.4 0.00470471 0.7
0.5 0.00605049 0.7
0 0 0
0 0 0
0 0 0
0 0 0
0 0 0
0 0 0
0 0 0
0 0 0
0 0 0
0 0 0
0 0 0
0 0 0
0 0 0
0 0 0
0 0 0
0 0 0
0 0 0
-0.7 0.00557924 0.8
-0.6 0.00428158 0.8
-0.5 0.00324768 0.8
-0.4 0.00462493 0.8
-0.3 0.00484298 0.8
-0.2 0.00316293 0.8
-0.1 0.00123731 0.8
0 0.00131222 0.8
0.1 -0.00108794 0.8
0.2 -0.00212207 0.8
0.3 -0.00113833 0.8
0.4 0.00402842 0.8
0.5 0.00650979 0.8
0.6 0.00529779 0.8
0 0 0
0 0 0
0 0 0
0 0 0
0 0 0
0 0 0
0 0 0
0 0 0
0 0 0
0 0 0
0 0 0
0 0 0
0 0 0
0 0 0
0 0 0
-0.8 0.00677299 0.9
-0.7 0.00603367 0.9
-0.6 0.00260397 0.9
-0.5 0.00486859 0.9
-0.4 0.00461037 0.9
-0.3 0.00434862 0.9
-0.2 0.0031653 0.9
-0.1 0.00177518 0.9
0 0.00262989 0.9
0.1 0.000444549 0.9
0.2 -0.00181208 0.9
0.3 -0.00301094 0.9
0.4 -0.000352547 0.9
0.5 0.00563322 0.9
0.6 0.0064001 0.9
0 0 0
0 0 0
0 0 0
0 0 0
0 0 0
0 0 0
0 0 0
0 0 0
0 0 0
0 0 0
0 0 0
0 0 0
0 0 0
0 0 0
0 0 0
-0.8 0.00871812 1
-0.7 0.00617246 1
-0.6 0.00393903 1
-0.5 0.00559726 1
-0.4 0.00500997 1
-0.3 0.00323592 1
-0.2 0.00244886 1
-0.1 0.00186227 1
0 0.00286334 1
0.1 0.0010037 1
0.2 -0.00117079 1
0.3 -0.00420411 1
0.4 -0.00360463 1
0.5 0.0029917 1
0.6 0.00608074 1
0.7 0.00534296 1
0 0 0
0 0 0
0 0 0
0 0 0
0 0 0
0 0 0
0 0 0
0 0 0
0 0 0
0 0 0
0 0 0
0 0 0
0 0 0
0 0 0
-0.8 0.00888606 1.1
-0.7 0.0051925 1.1
-0.6 0.00539981 1.1
-0.5 0.00536329 1.1
-0.4 0.00396791 1.1
-0.3 0.00275137 1.1
-0.2 0.00326226 1.1
-0.1 0.0014796 1.1
0 0.00226409 1.1
0.1 0.0012222 1.1
0.2 0.000286948 1.1
0.3 -0.00305292 1.1
0.4 -0.0057088 1.1
0.5 -0.00213806 1.1
0.6 0.00434198 1.1
0.7 0.00566648 1.1
0 0 0
0 0 0
0 0 0
0 0 0
0 0 0
0 0 0
0 0 0
0 0 0
0 0 0
0 0 0
0 0 0
0 0 0
0 0 0
-0.9 0.01015 1.2
-0.8 0.00794624 1.2
-0.7 0.00528734 1.2
-0.6 0.00717732 1.2
-0.5 0.00526538 1.2
-0.4 0.00258455 1.2
-0.3 0.00246784 1.2
-0.2 0.00315589 1.2
-0.1 0.00203714 1.2
0 0.00204613 1.2
0.1 0.00099706 1.2
0.2 0.00147855 1.2
0.3 -0.00188847 1.2
0.4 -0.00573813 1.2
0.5 -0.00509968 1.2
0.6 0.000562426 1.2
0.7 0.00510553 1.2
0.8 0.00536925 1.2
0 0 0
0 0 0
0 0 0
0 0 0
0 0 0
0 0 0
0 0 0
0 0 0
0 0 0
0 0 0
0 0 0
0 0 0
-0.9 0.00957498 1.3
-0.8 0.00526942 1.3
-0.7 0.00594499 1.3
-0.6 0.00774955 1.3
-0.5 0.00472347 1.3
-0.4 0.00153746 1.3
-0.3 0.0036285 1.3
-0.2 0.00438328 1.3
-0.1 0.00306427 1.3
0 0.0030406 1.3
0.1 0.000628203 1.3
0.2 0.0012081 1.3
0.3 -0.000161419 1.3
0.4 -0.00457967 1.3
0.5 -0.00766459 1.3
0.6 -0.00224026 1.3
0.7 0.00240756 1.3
0.8 0.00308776 1.3
0 0 0
0 0 0
0 0 0
0 0 0
0 0 0
0 0 0
0 0 0
0 0 0
0 0 0
0 0 0
0 0 0
-1 0.0153271 1.4
-0.9 0.00896503 1.4
-0.8 0.00491746 1.4
-0.7 0.00610618 1.4
-0.6 0.0068921 1.4
-0.5 0.00465041 1.4
-0.4 0.00195148 1.4
-0.3 0.00379479 1.4
-0.2 0.00435939 1.4
-0.1 0.00255491 1.4
0 0.00317536 1.4
0.1 0.00137759 1.4
0.2 0.00191041 1.4
0.3 0.00150836 1.4
0.4 -0.00292501 1.4
0.5 -0.00685871 1.4
0.6 -0.00495562 1.4
0.7 -0.000693477 1.4
0.8 0.0028237 1.4
0.9 0.000819712 1.4
0 0 0
0 0 0
0 0 0
0 0 0
0 0 0
0 0 0
0 0 0
0 0 0
0 0 0
0 0 0
-1 0.0126986 1.5
-0.9 0.00715119 1.5
-0.8 0.00369964 1.5
-0.7 0.00866942 1.5
-0.6 0.00619024 1.5
-0.5 0.00380781 1.5
-0.4 0.00202699 1.5
-0.3 0.00272209 1.5
-0.2 0.0030999 1.5
-0.1 0.0018373 1.5
0 0.00256075 1.5
0.1 0.00188477 1.5
0.2 0.00311631 1.5
0.3 0.00204471 1.5
0.4 -0.00201654 1.5
0.5 -0.00581171 1.5
0.6 -0.00669584 1.5
0.7 -0.00229938 1.5
0.8 0.00239197 1.5
0.9 0.00324392 1.5
0 0 0
0 0 0
0 0 0
0 0 0
0 0 0
0 0 0
0 0 0
0 0 0
0 0 0
-1.1 0.0180191 1.6
-1 0.0130118 1.6
-0.9 0.00714826 1.6
-0.8 0.00719281 1.6
-0.7 0.00911913 1.6
-0.6 0.00597391 1.6
-0.5 0.00419466 1.6
-0.4 0.00322805 1.6
-0.3 0.00186157 1.6
-0.2 0.00329176 1.6
-0.1 0.00138857 1.6
0 0.00294882 1.6
0.1 0.00233908 1.6
0.2 0.00212094 1.6
0.3 0.000593955 1.6
0.4 -0.00166925 1.6
0.5 -0.0058616 1.6
0.6 -0.00840894 1.6
0.7 -0.0029496 1.6
0.8 0.000628158 1.6
0.9 0.00191071 1.6
1 0.00237447 1.6
0 0 0
0 0 0
0 0 0
0 0 0
0 0 0
0 0 0
0 0 0
0 0 0
-1.1 0.0145743 1.7
-1 0.010315 1.7
-0.9 0.00671224 1.7
-0.8 0.00865589 1.7
-0.7 0.00929794 1.7
-0.6 0.00517328 1.7
-0.5 0.00480931 1.7
-0.4 0.00179124 1.7
-0.3 0.0028959 1.7
-0.2 0.00304413 1.7
-0.1 0.000736522 1.7
0 0.00276462 1.7
0.1 0.00280013 1.7
0.2 0.00191802 1.7
0.3 0.00110197 1.7
0.4 -0.000943213 1.7
0.5 -0.0044843 1.7
0.6 -0.0106812 1.7
0.7 -0.00617554 1.7
0.8 -0.00203725 1.7
0.9 0.00081494 1.7
1 0.00142583 1.7
0 0 0
0 0 0
0 0 0
0 0 0
0 0 0
0 0 0
0 0 0
-1.2 0.0194651 1.8
-1.1 0.0139467 1.8
-1 0.00879211 1.8
-0.9 0.00853132 1.8
-0.8 0.0123014 1.8
-0.7 0.011057 1.8
-0.6 0.00618107 1.8
-0.5 0.00465512 1.8
-0.4 0.000790738 1.8
-0.3 0.00294849 1.8
-0.2 0.00198544 1.8
-0.1 0.00209676 1.8
0 0.0043005 1.8
0.1 0.00357147 1.8
0.2 0.002285 1.8
0.3 -6.02524e-09 1.8
0.4 -0.000513917 1.8
0.5 -0.00579155 1.8
0.6 -0.010013 1.8
0.7 -0.00990948 1.8
0.8 -0.0034891 1.8
0.9 -0.000202337 1.8
1 0.00314161 1.8
1.1 0.00260758 1.8
0 0 0
0 0 0
0 0 0
0 0 0
0 0 0
0 0 0
-1.2 0.0233763 1.9
-1.1 0.0177724 1.9
-1 0.00792945 1.9
-0.9 0.0105679 1.9
-0.8 0.0108822 1.9
-0.7 0.0103422 1.9
-0.6 0.00716034 1.9
-0.5 0.00394449 1.9
-0.4 0.00336825 1.9
-0.3 0.00407424 1.9
-0.2 0.00281267 1.9
-0.1 0.000594456 1.9
0 0.00479241 1.9
0.1 0.00259411 1.9
0.2 0.00462904 1.9
0.3 0.000432835 1.9
0.4 -0.000990954 1.9
0.5 -0.00522594 1.9
0.6 -0.0108725 1.9
0.7 -0.012363 1.9
0.8 -0.00725765 1.9
0.9 -0.00520528 1.9
1 -0.00155706 1.9
1.1 -0.00313844 1.9
0 0 0
0 0 0
0 0 0
0 0 0
0 0 0
-1.3 0.020467 2
-1.2 0.0212027 2
-1.1 0.0155045 2
-1 0.00994524 2
-0.9 0.0147154 2
-0.8 0.0138731 2
-0.7 0.0128449 2
-0.6 0.0104299 2
-0.5 0.00522114 2
-0.4 0.00166635 2
-0.3 0.00184916 2
-0.2 0.00228931 2
-0.1 0.00142367 2
0 0.00287521 2
0.1 0.0028811 2
0.2 0.00271925 2
0.3 0.000315319 2
0.4 -0.00313273 2
0.5 -0.00595234 2
0.6 -0.0114855 2
0.7 -0.0133775 2
0.8 -0.0111753 2
0.9 -0.00653757 2
1 -0.00350478 2
1.1 -0.00193751 2
1.2 6.01196e-06 2
0 0 0
0 0 0
0 0 0
0 0 0
-1.3 0.0208111 2.1
-1.2 0.0141355 2.1
-1.1 0.00568624 2.1
-1 0.0117378 2.1
-0.9 0.0169618 2.1
-0.8 0.014308 2.1
-0.7 0.0142123 2.1
-0.6 0.00776903 2.1
-0.5 0.00512211 2.1
-0.4 0.000353846 2.1
-0.3 0.000724278 2.1
-0.2 0.000735944 2.1
-0.1 -0.000164066 2.1
0 0.00277728 2.1
0.1 0.00189157 2.1
0.2 0.000819039 2.1
0.3 0.000499444 2.1
0.4 -0.00440888 2.1
0.5 -0.00507913 2.1
0.6 -0.00918 2.1
0.7 -0.0124392 2.1
0.8 -0.0112941 2.1
0.9 -0.00800803 2.1
1 -0.00486639 2.1
1.1 -0.00405863 2.1
1.2 -0.00698989 2.1
0 0 0
0 0 0
0 0 0
-1.4 0.0223481 2.2
-1.3 0.0216731 2.2
-1.2 0.0137806 2.2
-1.1 0.0111124 2.2
-1 0.0175023 2.2
-0.9 0.0184405 2.2
-0.8 0.0138104 2.2
-0.7 0.0122383 2.2
-0.6 0.00758295 2.2
-0.5 0.00262112 2.2
-0.4 0.00370625 2.2
-0.3 0.00417783 2.2
-0.2 0.000597264 2.2
-0.1 -0.000655836 2.2
0 -0.000898485 2.2
0.1 0.000768567 2.2
0.2 0.00101325 2.2
0.3 0.000738699 2.2
0.4 -0.00264361 2.2
0.5 -0.006282 2.2
0.6 -0.0109466 2.2
0.7 -0.0158002 2.2
0.8 -0.0142663 2.2
0.9 -0.0110837 2.2
1 -0.00684864 2.2
1.1 -0.000969905 2.2
1.2 -0.00721524 2.2
1.3 0.00307248 2.2
0 0 0
0 0 0
-1.4 0.0245269 2.3
-1.3 0.0217698 2.3
-1.2 0.0171518 2.3
-1.1 0.0103429 2.3
-1 0.0106704 2.3
-0.9 0.0182051 2.3
-0.8 0.0177707 2.3
-0.7 0.0142485 2.3
-0.6 0.0111649 2.3
-0.5 0.00569053 2.3
-0.4 0.00512517 2.3
-0.3 0.00325646 2.3
-0.2 -0.000333979 2.3
-0.1 -0.00204282 2.3
0 -0.000685769 2.3
0.1 0.000275626 2.3
0.2 -0.00189334 2.3
0.3 -0.000949981 2.3
0.4 -0.00290658 2.3
0.5 -0.0074948 2.3
0.6 -0.0103702 2.3
0.7 -0.0170664 2.3
0.8 -0.0177034 2.3
0.9 -0.0149381 2.3
1 -0.00662988 2.3
1.1 -0.00711567 2.3
1.2 -0.00552196 2.3
1.3 -0.00343474 2.3
0 0 0
0 0 0
-1.4 0.0200715 2.4
-1.3 0.0228243 2.4
-1.2 0.0200522 2.4
-1.1 0.0159951 2.4
-1 0.0174493 2.4
-0.9 0.0177218 2.4
-0.8 0.0190936 2.4
-0.7 0.0158636 2.4
-0.6 0.0127155 2.4
-0.5 0.00850644 2.4
-0.4 0.00437864 2.4
-0.3 -0.00114745 2.4
-0.2 -0.00135222 2.4
-0.1 -0.00186346 2.4
0 0.000356816 2.4
0.1 0.00286612 2.4
0.2 -0.000924461 2.4
0.3 -0.0032007 2.4
0.4 -0.00396011 2.4
0.5 -0.00651336 2.4
0.6 -0.0121021 2.4
0.7 -0.0127893 2.4
0.8 -0.0144315 2.4
0.9 -0.0137506 2.4
1 -0.00439836 2.4
1.1 -0.00512188 2.4
1.2 -0.00312098 2.4
1.3 -0.00285777 2.4
1.4 0.00502287 2.4
-1.5 0.0316775 2.5
-1.4 0.0238788 2.5
-1.3 0.0216149 2.5
-1.2 0.00987756 2.5
-1.1 0.0189015 2.5
-1 0.0195644 2.5
-0.9 0.0211095 2.5
-0.8 0.0192963 2.5
-0.7 0.0173338 2.5
-0.6 0.0123168 2.5
-0.5 0.00571036 2.5
-0.4 0.00106239 2.5
-0.3 0.000118052 2.5
-0.2 -0.00379996 2.5
-0.1 -0.00593346 2.5
0 -0.00215 2.5
0.1 -0.000236104 2.5
0.2 -0.00041625 2.5
0.3 -0.00148312 2.5
0.4 -0.00356129 2.5
0.5 -0.00875481 2.5
0.6 -0.00923149 2.5
0.7 -0.0131727 2.5
0.8 -0.00965571 2.5
0.9 -0.0149081 2.5
1 -0.0089297 2.5
1.1 -0.00328619 2.5
1.2 -0.00305571 2.5
1.3 -0.00645707 2.5
1.4 -0.00764361 2.5
-1.5 0.0268579 2.6
-1.4 0.015448 2.6
-1.3 0.0164767 2.6
-1.2 0.00821912 2.6
-1.1 0.0187989 2.6
-1 0.0194786 2.6
-0.9 0.0198693 2.6
-0.8 0.0200758 2.6
-0.7 0.0184773 2.6
-0.6 0.0125008 2.6
-0.5 0.00918155 2.6
-0.4 0.0057843 2.6
-0.3 0.00669937 2.6
-0.2 0.00250183 2.6
-0.1 -0.00193661 2.6
0 -0.00128426 2.6
0.1 0.000110942 2.6
0.2 0.0030406 2.6
0.3 -0.0044575 2.6
0.4 -0.00549217 2.6
0.5 -0.00723999 2.6
0.6 -0.00930948 2.6
0.7 -0.0147621 2.6
0.8 -0.0155074 2.6
0.9 -0.0184758 2.6
1 -0.0147578 2.6
1.1 -0.00448096 2.6
1.2 -0.00345543 2.6
1.3 -0.00805985 2.6
1.4 -0.0104296 2.6
0 0 0
0 0 0
-1.3 0.0113443 2.7
-1.2 0.0132385 2.7
-1.1 0.0197017 2.7
-1 0.0181587 2.7
-0.9 0.0215987 2.7
-0.8 0.0176837 2.7
-0.7 0.0155724 2.7
-0.6 0.0111713 2.7
-0.5 0.0117655 2.7
-0.4 0.00701083 2.7
-0.3 0.00917965 2.7
-0.2 0.00091412 2.7
-0.1 0.000720137 2.7
0 0.0039976 2.7
0.1 -0.00244297 2.7
0.2 0.000504637 2.7
0.3 -0.00390515 2.7
0.4 -0.00629029 2.7
0.5 -0.0105069 2.7
0.6 -0.0116703 2.7
0.7 -0.0166236 2.7
0.8 -0.0164007 2.7
0.9 -0.0171758 2.7
1 -0.0147259 2.7
1.1 -0.00602622 2.7
1.2 -0.00231162 2.7
1.3 -0.00451452 2.7
1.4 -0.00468859 2.7
0 0 0
0 0 0
-1.3 0.0127332 2.8
-1.2 0.0188644 2.8
-1.1 0.0200499 2.8
-1 0.0208895 2.8
-0.9 0.0234293 2.8
-0.8 0.0193746 2.8
-0.7 0.0178698 2.8
-0.6 0.0157906 2.8
-0.5 0.00980147 2.8
-0.4 0.00670166 2.8
-0.3 0.0024627 2.8
-0.2 0.00476541 2.8
-0.1 -0.00110229 2.8
0 0.00600508 2.8
0.1 0.000463844 2.8
0.2 -0.00221683 2.8
0.3 -0.00176126 2.8
0.4 0.00105808 2.8
0.5 -0.0100379 2.8
0.6 -0.0104295 2.8
0.7 -0.0158097 2.8
0.8 -0.0144206 2.8
0.9 -0.0150431 2.8
1 -0.0135508 2.8
1.1 -0.00553039 2.8
1.2 -0.00368445 2.8
1.3 -0.00392993 2.8
1.4 -0.00359322 2.8
0 0 0
0 0 0
0 0 0
0 0 0
-1.1 0.0146404 2.9
-1 0.0230945 2.9
-0.9 0.0216947 2.9
-0.8 0.0175289 2.9
-0.7 0.021781 2.9
-0.6 0.0196662 2.9
-0.5 0.0141623 2.9
-0.4 0.00647278 2.9
-0.3 0.00625821 2.9
-0.2 0.00597395 2.9
-0.1 0.00169569 2.9
0 0.00800909 2.9
0.1 0.00249967 2.9
0.2 -0.00187582 2.9
0.3 -0.00400972 2.9
0.4 -0.0020226 2.9
0.5 -0.0078583 2.9
0.6 -0.011641 2.9
0.7 -0.0169459 2.9
0.8 -0.0176176 2.9
0.9 -0.0181565 2.9
1 -0.0152975 2.9
1.1 -0.00941345 2.9
1.2 -0.00450447 2.9
1.3 -0.00687161 2.9
1.4 -0.00958945 2.9
