0 0 0 0 0 0 0
0 0 0 0 0 0 0
0 0 0 0 0 0 0
0 0 0 0 0 0 0
0 0 0 0 0 0 0
0 0 0 0 0 0 0
0 0 0 0 0 0 0
0 0 0 0 0 0 0
0 0 0 0 0 0 0
0 0 0 0 0 0 0
0 0 0 0 0 0 0
0 0 0 0 0 0 0
0 0 0 0 0 0 0
0 0 0 0 0 0 0
0 0 0 0 0 0 0
0 0 0 0 0 0 0
0 0 0 0 0 0 0
0 0 0 0 0 0 0
0 0 0 0 0 0 0
0 0 0 0 0 0 0
0 0 0 0 0 0 0
0 0 0 0 0 0 0
0 0 0 0 0 0 0
0 0 0 0 0 0 0
0 0 0 0 0 0 0
0 0 0 0 0 0 0
0 0 0 0 0 0 0
0 0 0 0 0 0 0
0 0 0 0 0 0 0
0 0 0 0 0 0 0
0 0 0 0 0 0 0
0 0 0 0 0 0 0
0 0 0 0 0 0 0
0 0 0 0 0 0 0
0 0 0 0 0 0 0
0 0 0 0 0 0 0
0 0 0 0 0 0 0
0 0 0 0 0 0 0
0 0 0 0 0 0 0
0 0 0 0 0 0 0
0 0 0 0 0 0 0
0 0 0 0 0 0 0
0 0 0 0 0 0 0
0 0 0 0 0 0 0
0 0 0 0 0 0 0
0 0 0 0 0 0 0
0 0 0 0 0 0 0
0 0 0 0 0 0 0
0 0 0 0 0 0 0
0 0 0 0 0 0 0
0 0 0 0 0 0 0
0 0 0 0 0 0 0
0 0 0 0 0 0 0
0 0 0 0 0 0 0
0 0 0 0 0 0 0
0 0 0 0 0 0 0
0 0 0 0 0 0 0
0 0 0 0 0 0 0
0 0 0 0 0 0 0
0 0 0 0 0 0 0
0 0 0 0 0 0 0
0 0 0 0 0 0 0
0 0 0 0 0 0 0
0 0 0 0 0 0 0
0 0 0 0 0 0 0
0 0 0 0 0 0 0
0 0 0 0 0 0 0
0 0 0 0 0 0 0
0 0 0 0 0 0 0
0 0 0 0 0 0 0
0 0 0 0 0 0 0
0 0 0 0 0 0 0
0 0 0 0 0 0 0
0 0 0 0 0 0 0
0 0 0 0 0 0 0
0 0 0 0 0 0 0
0 0 0 0 0 0 0
0 0 0 0 0 0 0
0 0 0 0 0 0 0
0 0 0 0 0 0 0
0 0 0 0 0 0 0
0 0 0 0 0 0 0
0 0 0 0 0 0 0
0 0 0 0 0 0 0
0 0 0 0 0 0 0
0 0 0 0 0 0 0
0 0 0 0 0 0 0
0 0 0 0 0 0 0
0 0 0 0 0 0 0
0 0 0 0 0 0 0
0 0 0 0 0 0 0
0 0 0 0 0 0 0
0 0 0 0 0 0 0
0 0 0 0 0 0 0
0 0 0 0 0 0 0
0 0 0 0 0 0 0
0 0 0 0 0 0 0
0 0 0 0 0 0 0
0 0 0 0 0 0 0
0 0 0 0 0 0 0
0 0 0 0 0 0 0
0 0 0 0 0 0 0
0 0 0 0 0 0 0
0 0 0 0 0 0 0
0 0 0 0 0 0 0
0 0 0 0 0 0 0
0 0 0 0 0 0 0
0 0 0 0 0 0 0
0 0 0 0 0 0 0
0 0 0 0 0 0 0
0 0 0 0 0 0 0
0 0 0 0 0 0 0
0 0 0 0 0 0 0
0 0 0 0 0 0 0
0 0 0 0 0 0 0
0 0 0 0 0 0 0
0 0 0 0 0 0 0
0 0 0 0 0 0 0
0 0 0 0 0 0 0
0 0 0 0 0 0 0
0 0 0 0 0 0 0
0 0 0 0 0 0 0
0 0 0 0 0 0 0
0 0 0 0 0 0 0
0 0 0 0 0 0 0
0 0 0 0 0 0 0
0 0 0 0 0 0 0
0 0 0 0 0 0 0
0 0 0 0 0 0 0
0 0 0 0 0 0 0
0 0 0 0 0 0 0
0 0 0 0 0 0 0
0 0 0 0 0 0 0
0 0 0 0 0 0 0
0 0 0 0 0 0 0
0 0 0 0 0 0 0
0 0 0 0 0 0 0
0 0 0 0 0 0 0
0 0 0 0 0 0 0
0 0 0 0 0 0 0
0 0 0 0 0 0 0
0 0 0 0 0 0 0
0 0 0 0 0 0 0
0 0 0 0 0 0 0
0 0 0 0 0 0 0
0 0 0 0 0 0 0
0 0 0 0 0 0 0
0 0 0 0 0 0 0
0 0 0 0 0 0 0
0 0 0 0 0 0 0
0 0 0 0 0 0 0
0 0 0 0 0 0 0
0 0 0 0 0 0 0
0 0 0 0 0 0 0
0 0 0 0 0 0 0
0 0 0 0 0 0 0
0 0 0 0 0 0 0
0 0 0 0 0 0 0
0 0 0 0 0 0 0
0 0 0 0 0 0 0
0 0 0 0 0 0 0
0 0 0 0 0 0 0
0 0 0 0 0 0 0
0 0 0 0 0 0 0
0 0 0 0 0 0 0
0 0 0 0 0 0 0
0 0 0 0 0 0 0
0 0 0 0 0 0 0
0 0 0 0 0 0 0
0 0 0 0 0 0 0
0 0 0 0 0 0 0
0 0 0 0 0 0 0
0 0 0 0 0 0 0
0 0 0 0 0 0 0
0 0 0 0 0 0 0
0 0 0 0 0 0 0
0 0 0 0 0 0 0
0 0 0 0 0 0 0
0 0 0 0 0 0 0
0 0 0 0 0 0 0
0 0 0 0 0 0 0
0 0 0 0 0 0 0
0 0 0 0 0 0 0
0 0 0 0 0 0 0
0 0 0 0 0 0 0
0 0 0 0 0 0 0
0 0 0 0 0 0 0
0 0 0 0 0 0 0
0 0 0 0 0 0 0
0 1 0 0.00359635 55 0.0014666 0
-0.0150452 0.782959 1 -0.703262 237 0.00195762 51.9437
0.0140381 0.716797 1 -0.691742 341 0.00266699 54.3698
0.00497437 0.892334 1 -0.694496 327 0.00231166 48.2567
0.0240479 1.48355 1 -0.693686 389 0.00193982 33.9899
-0.00107574 0.201385 1 -0.693625 389 0.00351059 78.6138
0.00842667 0.285767 1 -0.693179 402 0.00349652 74.0524
0.0267029 -0.51001 1 -0.694916 443 0.00338072 117.014
0.000717163 0.716278 1 -0.693447 570 0.0042141 54.3868
0.0159607 -0.0975399 1 -0.694603 657 0.00569584 95.5703
0.00579834 0.291992 1 -0.692703 694 0.0059077 73.7229
-0.309082 1.26172 1 -0.541504 360 0.00435154 39.6779
0 0 0 0 0 0 0
0 0 0 0 0 0 0
0 0 0 0 0 0 0
0 0 0 0 0 0 0
0 0 0 0 0 0 0
0 0 0 0 0 0 0
0 0 0 0 0 0 0
0 0 0 0 0 0 0
0 0 0 0 0 0 0
0 0 0 0 0 0 0
0 0 0 0 0 0 0
0 0 0 0 0 0 0
0 0 0 0 0 0 0
0 0 0 0 0 0 0
0 0 0 0 0 0 0
0 0 0 0 0 0 0
0 0 0 0 0 0 0
0 1 0 0.00132667 32 0.00156213 0
0.532715 -5.44104 1 -0.465179 2095 0.00312388 168.237
-0.032196 2.3623 1 -0.764328 2293 0.00942023 22.9543
-0.00234985 5.56989 1 -0.757568 2261 0.00408251 10.1783
0.0881958 -2.7583 1 -0.722664 2339 0.00819803 160.001
-0.00509644 -5.76874 1 -0.736736 2339 0.00388118 170.165
0.00146866 2.23076 1 -0.750898 2289 0.0101365 24.1457
-0.0226288 -0.432007 1 -0.746146 2358 0.0227975 113.359
0.00213623 4.16475 1 -0.74814 2327 0.00563952 13.5017
-0.156296 7.56216 1 -0.733055 2326 0.00277851 7.62334
-0.178925 5.99097 1 -0.717461 2329 0.00352256 9.62402
0.0248108 -3.20074 1 -0.732681 2445 0.00706849 162.645
-0.4422 3.35724 1 -0.548035 1705 0.00620123 18.0397
0 0 0 0 0 0 0
0 0 0 0 0 0 0
0 0 0 0 0 0 0
0 0 0 0 0 0 0
0 0 0 0 0 0 0
0 0 0 0 0 0 0
0 0 0 0 0 0 0
0 0 0 0 0 0 0
0 0 0 0 0 0 0
0 0 0 0 0 0 0
0 0 0 0 0 0 0
0 0 0 0 0 0 0
0 0 0 0 0 0 0
0 0 0 0 0 0 0
0 0 0 0 0 0 0
0 0 0 0 0 0 0
0 0 0 0 0 0 0
0.856689 -4.77789 1 -0.318481 659 0.00363054 164.592
0.0562134 1.82812 1 -0.819031 1850 0.0119237 28.7171
0.0192871 0.226318 1 -0.839233 1837 0.0245235 77.25
0.0416565 -2.99609 1 -0.82843 1825 0.00772166 161.528
0.0770569 -2.625 1 -0.821121 1843 0.00854169 159.089
-0.0458984 -1.17511 1 -0.851576 1864 0.0162355 139.573
0.0775337 -6.25934 1 -0.836811 1819 0.00342603 170.896
-0.0812683 -2.11096 1 -0.840146 1845 0.0106478 154.579
-0.00506592 -0.611626 1 -0.847961 1840 0.020987 121.451
-0.109314 3.45654 1 -0.823616 1839 0.00669634 16.2266
-0.138641 5.89038 1 -0.812683 1848 0.00390598 9.72557
-0.402344 5.79248 1 -0.709991 1847 0.00370911 10.5414
0.00531006 0.633484 1 -0.85672 1880 0.0213833 57.6468
-1.30664 -2.44238 1 -0.0317383 402 0.00581155 146.033
0 0 0 0 0 0 0
0 0 0 0 0 0 0
0 0 0 0 0 0 0
0 0 0 0 0 0 0
0 0 0 0 0 0 0
0 0 0 0 0 0 0
0 0 0 0 0 0 0
0 0 0 0 0 0 0
0 0 0 0 0 0 0
0 0 0 0 0 0 0
0 0 0 0 0 0 0
0 0 0 0 0 0 0
0 0 0 0 0 0 0
0 0 0 0 0 0 0
0 0 0 0 0 0 0
0 1 0 -0.00334952 8 0.000978577 0
0.230103 -1.20874 1 -0.802368 1213 0.0141776 139.671
0.0391235 1.70142 1 -0.926483 1476 0.0124988 30.4638
0.0831909 -6.92993 1 -0.900711 1480 0.00310574 171.761
-0.017395 -0.582275 1 -0.952637 1467 0.0213538 120.207
-0.198975 3.98242 1 -1.008 1453 0.00576109 14.3607
0.0366364 3.83008 1 -0.953997 1456 0.0060757 14.6422
-0.0133476 0.849976 1 -0.949319 1416 0.0186659 49.6388
0.00344849 -2.13989 1 -0.940301 1488 0.0101367 154.953
-0.0523682 -1.99976 1 -0.936768 1496 0.0111084 153.401
0.0589294 -2.20331 1 -0.961357 1492 0.00984948 155.551
-0.0055542 4.13028 1 -0.947372 1432 0.00558291 13.6104
-0.465271 6.11377 1 -0.757904 1495 0.00348723 10.2263
-0.0900269 2.3457 1 -0.921173 1526 0.00964418 23.1726
-0.416016 -3.70874 1 -0.649536 1071 0.00551081 163.72
0 0 0 0 0 0 0
0 0 0 0 0 0 0
0 0 0 0 0 0 0
0 0 0 0 0 0 0
0 0 0 0 0 0 0
0 0 0 0 0 0 0
0 0 0 0 0 0 0
0 0 0 0 0 0 0
0 0 0 0 0 0 0
0 0 0 0 0 0 0
0 0 0 0 0 0 0
0 0 0 0 0 0 0
0 0 0 0 0 0 0
0 0 0 0 0 0 0
0 0 0 0 0 0 0
0.979492 2.40257 1 -0.368164 356 0.006557 30.2259
-0.0847168 -1.4375 1 -1.0993 1236 0.0141219 145.079
0.0877686 -1.70605 1 -0.997559 1136 0.0119467 149.527
-0.012146 1.65912 1 -1.056 1181 0.0125825 31.0805
0.02948 1.93127 1 -1.03804 1193 0.0112551 27.385
-0.0496216 2.41992 1 -1.0657 1206 0.00966826 22.4771
-0.00697327 1.53711 1 -1.05284 1223 0.0137888 33.0475
0.00361633 -0.706299 1 -1.04531 1207 0.0207947 125.233
0.0196991 1.24414 1 -1.05079 1233 0.0159535 38.7966
-0.00537109 0.171326 1 -1.04623 1223 0.024897 80.2783
0.0127258 -1.21979 1 -1.05069 1221 0.0156719 140.652
-0.0228271 -1.15747 1 -1.03952 1215 0.0166715 139.167
-0.162415 4.87744 1 -0.978058 1209 0.00462138 11.7342
-0.380127 5.42773 1 -0.87677 1177 0.00365632 11.1501
-0.0443115 1.28381 1 -1.03583 1238 0.015237 37.9433
-1.43848 -3.19141 1 -0.0107422 227 0.0032153 151.235
0 0 0 0 0 0 0
0 0 0 0 0 0 0
0 0 0 0 0 0 0
0 0 0 0 0 0 0
0 0 0 0 0 0 0
0 0 0 0 0 0 0
0 0 0 0 0 0 0
0 0 0 0 0 0 0
0 0 0 0 0 0 0
0 0 0 0 0 0 0
0 0 0 0 0 0 0
0 0 0 0 0 0 0
0 0 0 0 0 0 0
0 0 0 0 0 0 0
0.541748 4.26465 1 -0.769043 794 0.00515933 14.9324
0.0262451 1.66797 1 -1.13232 997 0.0126615 30.9527
0.199768 -4.15723 1 -1.02979 1016 0.00552976 166.218
-0.0043335 2.15894 1 -1.15112 981 0.0102927 24.8534
0.0493469 3.84509 1 -1.1288 983 0.00607268 14.5951
-0.00564575 2.3186 1 -1.15398 952 0.00963324 23.3306
-0.0485687 -3.77563 1 -1.14303 1003 0.00596882 165.149
-0.0445404 -0.927681 1 -1.14955 974 0.0181557 132.823
0.0419769 3.67664 1 -1.15934 1003 0.00651605 15.2285
0.00494385 2.43924 1 -1.15373 1041 0.0100031 22.2921
-0.0328674 2.30331 1 -1.14369 1000 0.0100412 23.4797
-0.0313416 -4.4259 1 -1.1348 1037 0.00525537 167.262
0.0612793 6.55664 1 -1.16562 985 0.00328809 8.68779
-0.518921 5.19238 1 -0.874329 1018 0.00414693 12.2421
-0.193848 4.4646 1 -1.06104 1000 0.00490989 12.8523
-0.34375 1.53027 1 -0.915771 666 0.0124111 34.6448
0 0 0 0 0 0 0
0 0 0 0 0 0 0
0 0 0 0 0 0 0
0 0 0 0 0 0 0
0 0 0 0 0 0 0
0 0 0 0 0 0 0
0 0 0 0 0 0 0
0 0 0 0 0 0 0
0 0 0 0 0 0 0
0 0 0 0 0 0 0
0 0 0 0 0 0 0
0 0 0 0 0 0 0
0 0 0 0 0 0 0
-1 -0.813293 0 -0.813061 215 0.00835818 129.121
0.11499 2.4082 1 -1.16724 813 0.00914093 22.6841
0.0524902 -4.7373 1 -1.21039 804 0.00439254 168.064
-0.00244141 -1.04126 1 -1.24573 856 0.018094 136.158
0.0325317 3.30542 1 -1.23553 855 0.00720694 16.8407
-0.0330811 2.70105 1 -1.25667 832 0.00870121 20.3261
0.0315247 -2.02722 1 -1.23497 854 0.0114792 153.732
0.0078125 -1.38196 1 -1.24404 830 0.0145232 144.109
-0.0412674 -3.21033 1 -1.24382 795 0.00675917 162.685
-0.0466766 -0.989014 1 -1.24571 849 0.0182626 134.652
-0.053421 3.20166 1 -1.24629 797 0.00714407 17.3688
0.105286 -4.72076 1 -1.2646 851 0.00471325 167.976
-0.2948 -5.01758 1 -1.1362 828 0.00442331 168.262
-0.0701904 -4.50208 1 -1.2226 817 0.00490804 167.447
-0.0952148 2.16504 1 -1.19421 824 0.00983196 24.8901
-0.0998535 3.72705 1 -1.20557 818 0.00595226 15.0905
-0.108765 1.896 1 -1.18707 841 0.0114062 27.9476
-1 -1.0575 0 0.824886 142 0.00546378 136.601
0 0 0 0 0 0 0
0 0 0 0 0 0 0
0 0 0 0 0 0 0
0 0 0 0 0 0 0
0 0 0 0 0 0 0
0 0 0 0 0 0 0
0 0 0 0 0 0 0
0 0 0 0 0 0 0
0 0 0 0 0 0 0
0 0 0 0 0 0 0
0 0 0 0 0 0 0
0 0 0 0 0 0 0
0.458008 2.41309 1 -0.981201 511 0.00852886 24.5037
0.102905 2.95508 1 -1.2699 693 0.00764 18.7877
0.223999 -4.30469 1 -1.19092 684 0.00487761 166.609
0.00964355 0.468262 1 -1.34534 685 0.0220897 64.9091
-0.00231934 2.92651 1 -1.35019 695 0.0079045 18.8655
-0.00183105 -1.92017 1 -1.35281 687 0.0110201 152.49
0.0409546 -0.709717 1 -1.33543 688 0.0198546 125.341
0.0276794 1.36853 1 -1.34794 682 0.0144702 36.1665
0.0391922 -3.61694 1 -1.33395 698 0.00626146 164.534
-0.0155945 0.15625 1 -1.34825 681 0.023991 81.1204
0.0632935 -3.75043 1 -1.3545 700 0.0059548 165.042
0.0175171 -3.31409 1 -1.34936 700 0.00660515 163.207
-0.127197 -3.38672 1 -1.29224 734 0.00698533 163.424
-0.251099 -4.92285 1 -1.23373 702 0.00438286 168.171
0.0754395 -0.00805664 1 -1.38885 704 0.0250541 90.4603
-0.353638 5.12109 1 -1.13135 697 0.00410631 11.7017
-0.165161 1.31885 1 -1.23462 705 0.014707 37.5426
-0.473145 -1.9248 1 -0.943604 446 0.00905947 150.112
0 0 0 0 0 0 0
0 0 0 0 0 0 0
0 0 0 0 0 0 0
0 0 0 0 0 0 0
0 0 0 0 0 0 0
0 0 0 0 0 0 0
0 0 0 0 0 0 0
0 0 0 0 0 0 0
0 0 0 0 0 0 0
0 0 0 0 0 0 0
0 0 0 0 0 0 0
-1 -2.05444 0 -0.897339 131 0.0038071 154.046
0.0534668 1.30078 1 -1.40857 629 0.0149637 37.5915
-0.0490723 1.31287 1 -1.48425 625 0.0161314 37.3295
-0.083374 -2.11035 1 -1.50061 603 0.0106122 154.569
0.0421753 -4.11304 1 -1.41956 612 0.00548741 166.323
0.0203247 2.91772 1 -1.43762 585 0.00792604 18.9219
-0.119507 2.09351 1 -1.48807 581 0.0107595 25.6906
0.018219 2.36266 1 -1.45055 582 0.00945382 22.9441
0.0142822 3.72888 1 -1.45678 578 0.00599973 15.0136
-0.049324 0.802185 1 -1.45161 560 0.0188202 51.2979
-0.0367584 -0.354858 1 -1.44306 593 0.0237896 109.525
0.0114136 1.03522 1 -1.45177 603 0.0175094 44.0105
0.0219727 1.38809 1 -1.45787 603 0.0147978 35.776
0.0375366 -0.870331 1 -1.45996 600 0.0186755 131.014
-0.237061 -4.5332 1 -1.33307 645 0.00550695 167.226
0.0561523 0.669922 1 -1.47931 617 0.0221428 56.2227
-0.136353 2.95264 1 -1.35968 619 0.00775024 18.8711
-0.239746 3.14844 1 -1.28857 625 0.00723252 18.088
-0.00476074 0.546082 1 -1.44788 597 0.0220678 61.3621
-1 -1.02661 0 0.922277 91 0.0055115 135.752
0 0 0 0 0 0 0
0 0 0 0 0 0 0
0 0 0 0 0 0 0
0 0 0 0 0 0 0
0 0 0 0 0 0 0
0 0 0 0 0 0 0
0 0 0 0 0 0 0
0 0 0 0 0 0 0
0 0 0 0 0 0 0
0 0 0 0 0 0 0
0.637207 3.66602 1 -0.97998 308 0.00537507 17.9237
0.0928955 3.12891 1 -1.47559 498 0.00710311 17.7954
0.106445 -1.41309 1 -1.4696 464 0.0133864 144.562
-0.0279541 1.48218 1 -1.5686 452 0.0128083 34.0172
-0.0241699 1.14404 1 -1.56274 448 0.0150341 41.1648
-0.0491333 1.37585 1 -1.56671 487 0.0144693 36.0433
0.12915 -2.79199 1 -1.50284 487 0.00824371 160.143
-0.0235901 3.20117 1 -1.55939 478 0.00750627 17.3526
0.0218506 -1.45227 1 -1.53978 517 0.0151343 145.443
-0.0724182 0.827637 1 -1.55131 483 0.0202413 50.4612
0.0505981 0.449219 1 -1.55403 485 0.0245498 65.8369
0.0206909 0.620494 1 -1.55327 491 0.0228014 58.1861
-0.00357056 0.388306 1 -1.54904 484 0.0244634 68.7786
-0.178955 2.01709 1 -1.49805 469 0.0113377 26.7316
-0.0184326 -1.5332 1 -1.54016 454 0.0135201 146.882
-0.127197 -3.58008 1 -1.4823 458 0.00634435 164.274
-0.0783691 2.09131 1 -1.49329 475 0.0110094 25.624
-0.198486 4.36133 1 -1.41455 461 0.00531345 13.1572
-0.121826 2.85742 1 -1.46509 465 0.00772661 19.4203
-0.384766 -2.76025 1 -1.16577 296 0.00700394 158.785
0 0 0 0 0 0 0
0 0 0 0 0 0 0
0 0 0 0 0 0 0
0 0 0 0 0 0 0
0 0 0 0 0 0 0
0 0 0 0 0 0 0
0 0 0 0 0 0 0
0 0 0 0 0 0 0
0 0 0 0 0 0 0
-1 -1.24915 0 -0.996346 71 0.00380407 141.321
0.256836 3.91602 1 -1.42651 442 0.00549156 14.7699
0.0817871 3.33075 1 -1.58313 426 0.00669298 16.7642
0.0325928 -1.35059 1 -1.62097 426 0.0139408 143.468
-0.0535889 3.83887 1 -1.6936 439 0.00623518 14.6208
0.0351562 2.53809 1 -1.62946 441 0.00907464 21.5164
0.0532227 2.18579 1 -1.62198 437 0.0101595 24.6148
0.180542 -1.20703 1 -1.5795 413 0.0140136 139.907
0.0617676 -2.31592 1 -1.62898 442 0.00973135 156.606
-0.0145264 -0.300476 1 -1.64891 415 0.0225396 106.723
-0.00907898 1.33125 1 -1.65291 418 0.0151445 36.914
0.13028 2.86304 1 -1.66429 426 0.00785504 19.4038
-0.00717163 0.446594 1 -1.64937 429 0.0224531 65.9353
0.0403748 -0.593994 1 -1.65978 443 0.0218532 120.69
0.0682373 0.0546875 1 -1.67471 433 0.0240908 86.877
-0.251709 -5.04688 1 -1.51562 425 0.00382112 168.452
-0.398926 -5.34961 1 -1.43445 441 0.00380371 168.621
-0.0343018 2.1228 1 -1.61981 451 0.0106897 25.237
-0.297363 5.01758 1 -1.4342 458 0.00419193 11.7458
-0.072998 1.58984 1 -1.59338 429 0.0128457 32.2382
0.134766 -1.42139 1 -1.7655 486 0.0149466 144.629
-1 -1.08789 0 1.02299 69 0.00493937 137.41
0 0 0 0 0 0 0
0 0 0 0 0 0 0
0 0 0 0 0 0 0
0 0 0 0 0 0 0
0 0 0 0 0 0 0
0 0 0 0 0 0 0
0 0 0 0 0 0 0
0 0 0 0 0 0 0
0.658691 5.12891 1 -1.11182 232 0.00336226 13.1414
0.270752 4.9082 1 -1.50391 377 0.00436696 11.9188
0.181519 8.20605 1 -1.59058 384 0.00233123 7.06025
0.143188 -2.78223 1 -1.63428 390 0.00818592 160.045
-0.0777588 -0.841309 1 -1.79492 390 0.0187004 129.989
-0.0482178 -2.65869 1 -1.77484 384 0.00820654 159.366
-0.103882 -3.57471 1 -1.79852 403 0.00637736 164.291
-0.0558472 -4.00513 1 -1.75989 394 0.00557113 165.96
-0.00384521 -0.447998 1 -1.74896 381 0.023546 114.132
-0.138367 -2.18277 1 -1.76146 375 0.00955169 155.18
0.0826035 -1.15167 1 -1.74588 361 0.0159356 138.936
-0.137009 -0.450317 1 -1.7389 377 0.0215096 114.044
-0.132721 -4.61426 1 -1.71538 409 0.0050064 167.668
0.0648804 -1.31592 1 -1.76378 370 0.0144046 142.71
-0.0650024 2.67212 1 -1.73502 394 0.00882777 20.5573
0.185059 3.63379 1 -1.84851 392 0.00686978 15.6352
-0.0175781 -1.12109 1 -1.73785 401 0.0159628 138.263
-0.0756836 -1.82568 1 -1.70837 384 0.0113924 151.22
-0.519775 5.23535 1 -1.34961 393 0.00403449 12.1487
-0.0155029 2.14304 1 -1.73767 383 0.010286 25.0177
0.0864258 -0.399414 1 -1.83069 367 0.0198675 111.699
-0.556641 0.362305 1 -1.18604 235 0.0174725 72.434
0 0 0 0 0 0 0
0 0 0 0 0 0 0
0 0 0 0 0 0 0
0 0 0 0 0 0 0
0 0 0 0 0 0 0
0 0 0 0 0 0 0
0 0 0 0 0 0 0
-1 0.213013 0 -1.11255 40 0.00662084 77.975
0.0158691 -1.00977 1 -1.82446 345 0.0163512 135.275
0.101807 2.63452 1 -1.75879 366 0.00909863 20.8837
0.163818 -2.45752 1 -1.70239 359 0.00885408 157.592
-0.181885 -2.54004 1 -1.97205 350 0.00790922 158.191
-0.0234375 -4.63916 1 -1.84302 355 0.00389833 167.832
-0.0910645 -0.368164 1 -1.90015 360 0.0246691 110.135
0.0544434 0.277832 1 -1.82635 336 0.0252443 74.4949
0.0535278 1.75201 1 -1.8298 330 0.0124621 29.7518
-0.0390625 -3.71591 1 -1.84511 334 0.00540995 164.927
-0.198456 -2.922 1 -1.87566 337 0.00722234 160.766
0.154907 -2.16724 1 -1.832 316 0.00972433 154.971
-0.064003 -3.39575 1 -1.82429 350 0.0061426 163.559
-0.0330811 1.56143 1 -1.84629 289 0.0115174 32.6513
-0.0765991 -2.00793 1 -1.821 344 0.0111348 153.459
-0.083374 3.50481 1 -1.82339 299 0.00601528 15.9771
-0.0533447 -2.47852 1 -1.81213 334 0.00855771 157.999
0.0275879 -1.29224 1 -1.8634 304 0.0132557 142.255
-0.0574951 -0.0473633 1 -1.80762 277 0.0206565 92.7072
-0.0791016 1.78406 1 -1.77759 292 0.0103239 29.3478
-0.0356445 3.30713 1 -1.82227 361 0.00698206 16.8342
-0.102539 1.79834 1 -1.76221 345 0.0121248 29.2045
-0.111328 2.93488 1 -1.75757 306 0.00755298 18.9235
-1 -0.0496826 0 1.10996 42 0.0065511 92.8443
0 0 0 0 0 0 0
0 0 0 0 0 0 0
0 0 0 0 0 0 0
0 0 0 0 0 0 0
0 0 0 0 0 0 0
0 0 0 0 0 0 0
-1 -1.10437 0 -1.11086 104 0.00484106 137.839
0.0788574 -0.496582 1 -1.86182 348 0.021722 116.337
0.0671387 1.38867 1 -1.89087 314 0.0148093 35.8192
0.200928 -1.57324 1 -1.77539 276 0.00989625 147.043
0.0477295 -1.38208 1 -1.90808 268 0.0112353 144.082
-0.1073 -2.26904 1 -2.01306 276 0.00729941 156.095
-0.0334473 0.159912 1 -1.96552 289 0.0222088 80.9196
0.0543213 0.996582 1 -1.92346 270 0.0162 45.1403
0.045166 -1.22021 1 -1.92487 300 0.0145251 140.636
0.125305 -4.23022 1 -1.90228 296 0.00466403 166.6
0.0770874 -3.35034 1 -1.92893 306 0.00641213 163.334
0.0798264 -2.08762 1 -1.94422 301 0.00962102 154.334
-0.0435181 -5.31836 1 -1.91423 343 0.0041383 169.341
0.125427 -3.29648 1 -1.95636 342 0.0068355 163
-0.0739136 -2.70227 1 -1.92284 319 0.00914647 159.642
-0.0800781 -4.14478 1 -1.91443 327 0.00577901 166.394
-0.0196533 1.76611 1 -1.94885 292 0.012322 29.5239
0.0584717 -0.0209961 1 -1.97943 302 0.0273628 91.2008
-0.165405 -2.51245 1 -1.84564 332 0.00929038 158.03
-0.0145264 -2.70801 1 -1.95276 325 0.00865735 159.73
-0.286621 2.6416 1 -1.70142 292 0.00830779 21.4946
-0.306885 4.24707 1 -1.66602 286 0.00494612 13.8362
0.0126953 1.42383 1 -1.97266 290 0.013782 35.0838
-1 0.868408 0 1.12045 160 0.0115858 49.0287
0 0 0 0 0 0 0
0 0 0 0 0 0 0
0 0 0 0 0 0 0
0 0 0 0 0 0 0
0 0 0 0 0 0 0
0 1 0 -0.0114183 20 0.00114332 0
-1 -0.471436 0 -1.15275 79 0.0116966 115.241
-0.773438 -0.40625 1 -2.83594 230 0.0131686 107.815
0.106201 -1.65063 1 -1.94849 273 0.0131155 148.649
0.219727 -2.57227 1 -1.8407 268 0.00869061 158.296
0.0742188 2.66846 1 -2.00818 285 0.00925028 20.5952
-0.0625 -0.469971 1 -2.08264 275 0.0236791 115.129
-0.0102539 -0.35144 1 -2.04901 288 0.0252173 109.363
0.15564 0.0522461 1 -1.97443 275 0.0258139 87.0448
0.0244141 4.16968 1 -2.04419 255 0.00554183 13.4902
-0.0402832 0.322296 1 -2.05812 243 0.0216428 72.1496
0.0841064 2.81006 1 -2.03672 236 0.00756654 19.6527
-0.0875092 -1.9266 1 -2.051 238 0.0099356 152.479
0.149017 2.53271 1 -2.06944 204 0.00752557 21.7615
-0.00958252 1.1106 1 -2.05042 219 0.0143086 42.0017
-0.0708008 3.27856 1 -2.04445 216 0.00605893 17.0023
-0.123047 -2.78613 1 -1.99942 236 0.00670527 160.119
-0.0078125 0.186523 1 -2.04614 245 0.0226741 79.4347
0.071167 0.00634766 1 -2.0918 247 0.0245265 89.6372
-0.183716 -3.3042 1 -1.94263 266 0.00664069 162.896
0.166992 -0.813965 1 -2.18018 254 0.0171498 128.759
-0.186035 0.255859 1 -1.88428 249 0.0214832 75.8806
-0.0124512 0.396973 1 -2.03882 260 0.0227769 68.3498
-0.12793 0.694824 1 -1.91919 279 0.0205935 55.4251
-0.209229 -2.01758 1 -1.8064 285 0.00847348 153.143
-1 0.572693 0 1.20621 36 0.00336829 60.2005
0 0 0 0 0 0 0
0 0 0 0 0 0 0
0 0 0 0 0 0 0
0 0 0 0 0 0 0
-1 3.17175 0 -1.27416 114 0.00387209 17.4992
0.0473633 2.4082 1 -2.12207 230 0.00833557 22.5733
-1 3.50455 0 -1.09114 34 0.00382272 15.9258
-0.249756 -0.299194 1 -2.37939 226 0.0161785 106.187
-0.00170898 0.208984 1 -2.14868 222 0.0225874 78.196
0.14978 -2.91577 1 -2.00732 236 0.00530307 160.874
-0.117432 -2.18677 1 -2.20312 247 0.00870915 155.277
0.139893 6.69482 1 -2.08124 201 0.00232668 8.57691
0.0159912 0.0161133 1 -2.14252 232 0.0233243 89.077
0.0366211 0.353516 1 -2.13397 218 0.0227413 70.5428
0.0269165 -0.232422 1 -2.14029 238 0.0247167 103.08
0.0336304 -1.11665 1 -2.13786 245 0.0166526 138.138
0.0591431 0.324768 1 -2.14223 220 0.0236695 72.0372
0.1101 1.04492 1 -2.15657 251 0.019528 43.914
-0.13089 -0.814209 1 -2.12268 244 0.0205441 128.915
-0.0195312 0.288574 1 -2.14436 244 0.0263511 73.9061
0.173218 3.33777 1 -2.21411 237 0.00738482 16.9126
-0.111816 1.50586 1 -2.10126 247 0.0142677 33.7513
0.010498 0.863281 1 -2.15796 233 0.0203179 49.1981
0.0717773 2.42139 1 -2.18433 214 0.00927935 22.4919
0.0537109 -0.459473 1 -2.18579 251 0.0246809 114.646
-0.00805664 -1.12842 1 -2.14551 242 0.0170961 138.452
-0.0725098 -0.808594 1 -2.08276 233 0.0176268 128.885
-0.0124512 -1.10986 1 -2.13696 232 0.0144075 137.979
-0.147461 2.6084 1 -2.00146 206 0.00787636 21.1825
-0.410156 0.129883 1 -1.65918 128 0.0162249 83.1478
0 0 0 0 0 0 0
0 0 0 0 0 0 0
0 0 0 0 0 0 0
0 1 0 -0.0188467 9 0.00272657 0
0.454102 3.44336 1 -1.729 208 0.0058076 17.6903
0.196045 1.73547 1 -2.03516 207 0.0131664 30.4206
-0.0917969 1.91553 1 -2.35547 136 0.0113224 27.6655
0 1 0 -0.0105246 18 0.00283111 0
-0.192139 0.8396 1 -2.42114 274 0.020116 50.4938
0.0620117 4.61106 1 -2.23926 219 0.00545208 12.259
0.0250244 5.61938 1 -2.26135 199 0.0037184 10.0935
-0.314819 -3.38306 1 -2.40741 267 0.00665846 162.782
-0.222046 -0.90625 1 -2.3468 242 0.0202726 131.499
-0.0612793 -2.32227 1 -2.26917 240 0.0105377 156.664
0.102722 -1.6554 1 -2.22003 226 0.0124705 148.731
0.142395 4.61621 1 -2.22978 220 0.00538721 12.3425
-0.0484009 2.37148 1 -2.24739 203 0.0100783 22.888
-0.176575 0.577637 1 -2.24377 174 0.017202 60.3672
0.0516968 -1.23389 1 -2.25802 193 0.0131156 140.94
0.0946045 -3.49904 1 -2.26785 208 0.00527797 163.983
-0.100586 0.081543 1 -2.21115 183 0.0217917 85.3615
0.0727539 0.067627 1 -2.28223 191 0.0222112 86.1413
-0.0247803 -0.499023 1 -2.23206 178 0.0177276 116.513
0.0178223 -1.45605 1 -2.26379 200 0.012237 145.515
-0.248047 -0.542969 1 -2.06445 174 0.0159133 117.789
0.0380859 0.71167 1 -2.26978 187 0.0181909 54.5813
-0.280762 2.16113 1 -1.96973 196 0.00900674 25.6695
0.104248 1.80859 1 -2.36572 182 0.0110422 29.0702
-0.059082 2.24707 1 -2.18994 208 0.00946598 24.0273
-0.120605 0.683594 1 -2.10986 114 0.0187659 55.8362
-1 0.427734 0 1.31193 38 0.00570425 66.8419
0 0 0 0 0 0 0
0 0 0 0 0 0 0
-1 -1.35327 0 -1.31326 82 0.00784836 143.537
0.0563965 -0.065918 1 -2.27783 196 0.0261028 93.7654
0.0107422 0.874023 1 -2.34424 200 0.0207941 48.8474
-0.155762 -1.74072 1 -2.51294 227 0.0119964 149.826
-0.352539 -1.5376 1 -2.67871 87 0.00577832 145.41
0.0480957 0.780762 1 -2.3208 178 0.0192094 52.0507
0.0126953 -2.37964 1 -2.33142 194 0.0073196 157.205
-0.0863037 -1.05701 1 -2.40186 209 0.0186073 136.481
0.0860596 1.67505 1 -2.31567 188 0.0133936 30.9302
0.144775 2.5437 1 -2.30066 182 0.00889074 21.6643
-0.168945 0.459351 1 -2.40955 184 0.0208897 65.6327
0.154297 7.45752 1 -2.3343 169 0.00229408 7.7267
0.0361633 3.32458 1 -2.34435 174 0.00678097 16.7511
0.03508 0.922729 1 -2.3493 173 0.0179255 47.3189
0.0482635 5.17709 1 -2.34512 190 0.00453942 10.945
-0.00491333 5.16003 1 -2.33991 186 0.00444389 10.9679
-0.00939941 4.18274 1 -2.34348 156 0.00476812 13.4463
0.0393066 2.29333 1 -2.35452 170 0.00950897 23.5756
0.126709 3.02637 1 -2.39368 175 0.00733864 18.4214
-0.136475 0.419922 1 -2.26752 193 0.0235286 67.4095
0.0257568 0.0726318 1 -2.35425 196 0.0266241 85.8472
-0.19873 -0.927734 1 -2.19751 183 0.0171134 132.3
0.00317383 3.19971 1 -2.31262 186 0.00720391 17.3556
-0.0625 -0.387207 1 -2.28833 214 0.0259468 111.129
0.113037 -0.621094 1 -2.47021 210 0.0226173 121.681
0.116699 -1.51624 1 -2.48486 200 0.0126116 146.416
-0.248291 -1.89575 1 -2.04834 206 0.0104122 151.475
-1 1.38089 0 1.30137 28 0.00411813 35.911
0 0 0 0 0 0 0
0 1 0 -0.0272183 7 0.00356309 0
-0.218262 -2.14453 1 -2.71973 115 0.0073832 154.486
0.0759277 1.27783 1 -2.3584 131 0.0128569 38.1258
0.22876 -1.04834 1 -2.17334 173 0.0137323 135.622
-1 -0.429382 0 -1.06987 78 0.013691 113.238
-1 -2.16351 0 -0.90894 88 0.00685353 155.193
0.240234 -2.2207 1 -2.22046 153 0.00633444 155.15
-0.103027 -1.01025 1 -2.51147 179 0.0152723 135.141
0.0130615 -1.56108 1 -2.427 172 0.0101455 147.355
0.152466 1.27246 1 -2.37061 138 0.0128376 38.4833
-0.0877686 -1.79541 1 -2.46289 157 0.00853328 150.79
-0.00268555 1.52539 1 -2.44931 151 0.0118094 33.2477
-0.0360107 -0.862305 1 -2.45761 145 0.0163119 130.753
0.092041 0.945618 1 -2.42916 141 0.0154173 46.7217
-0.0568237 -0.31543 1 -2.44446 139 0.0184959 107.48
0.0885162 1.42282 1 -2.45139 171 0.0142615 35.2059
-0.249817 -1.65027 1 -2.39983 187 0.0126446 148.012
-0.00701904 2.8125 1 -2.43614 168 0.00844098 19.5736
0.0656738 0.600098 1 -2.46945 176 0.0228237 59.0865
0.0551758 2.96289 1 -2.4541 165 0.00759805 18.6764
-0.0936279 1.91016 1 -2.39172 172 0.0116967 27.7357
-0.0878906 -0.122559 1 -2.39417 182 0.0276841 96.9607
0.0185547 -1.53162 1 -2.4696 218 0.0156965 146.855
-0.204346 -3.1084 1 -2.29565 186 0.00849292 161.822
0.0610352 2.46631 1 -2.48755 172 0.00950964 22.1079
0.0151367 -0.617188 1 -2.46875 180 0.0188486 121.679
-0.112549 0.419922 1 -2.33203 169 0.0227978 67.3498
0.15332 -0.00488281 1 -2.64551 163 0.0247776 90.2765
-1 0.91333 0 1.33456 62 0.017891 47.5936
0 0 0 0 0 0 0
-1 -0.536072 0 -1.41988 47 0.00669355 118.195
0.409668 1.83936 1 -2.01953 116 0.00981809 30.4352
0.383789 1.35254 1 -2.06641 120 0.0128055 38.3768
-1 -1.41827 0 -1.12897 70 0.00883437 144.813
-1 0.00927734 0 -1.02762 82 0.0180071 89.4685
0.138672 -3.68799 1 -2.37231 168 0.00444145 164.691
-0.221924 -1.74512 1 -2.71289 158 0.0097668 149.588
-0.00756836 -1.07666 1 -2.54187 146 0.0139236 137.113
-0.206543 -1.04077 1 -2.66272 162 0.0144226 135.546
0.0584717 -2.02386 1 -2.49719 188 0.00816985 153.667
-0.394287 -2.26074 1 -2.70703 165 0.00842064 154.57
0.246704 -0.979248 1 -2.45581 169 0.0161091 133.554
0.0808105 -0.60083 1 -2.52023 178 0.0219152 120.916
-0.2453 -2.73926 1 -2.5868 183 0.00844971 159.4
0.0568237 1.56433 1 -2.54103 161 0.0149768 32.6307
-0.25 -0.80127 1 -2.53056 154 0.0174474 127.86
-0.022644 1.46198 1 -2.54507 136 0.0129453 34.3792
-0.131714 -3.02505 1 -2.50587 178 0.00683222 161.56
-0.0477295 -0.286743 1 -2.52609 149 0.0230307 105.983
-0.13147 -0.0993652 1 -2.48682 154 0.0254778 95.6265
0.243652 -1.39697 1 -2.69482 170 0.0107547 143.618
0.0163574 -0.13623 1 -2.5603 132 0.0215605 97.7567
0.139404 2.96924 1 -2.64038 120 0.00635362 18.7803
-0.0830078 -2.14062 1 -2.48682 137 0.00895133 154.885
-0.0998535 -1.05737 1 -2.45825 136 0.0145241 136.455
-0.0283203 -0.166016 1 -2.52441 164 0.0216119 99.4223
-0.0776367 2.48828 1 -2.4668 122 0.00720097 21.954
-0.103271 0.607422 1 -2.42236 120 0.0176147 58.8593
0.00830078 -2.40283 1 -2.55957 108 0.00786712 157.403
-1 1.25113 0 1.41958 41 0.00538556 38.6346
-1 -1.14209 0 -1.41327 58 0.0078452 138.795
-1 -2.25961 0 -1.35187 50 0.00856171 156.128
-1 1.21992 0 -1.26435 27 0.0123197 39.3423
-1 1.05536 0 -1.13984 80 0.011954 43.4572
0.275879 -0.339844 1 -2.35303 125 0.0195766 108.139
0.187012 2.90767 1 -2.49927 115 0.00729745 19.2839
0.0400391 2.76099 1 -2.64502 145 0.00867412 19.9245
-0.00244141 0.782715 1 -2.65625 132 0.0182195 51.9493
0.204102 1.7168 1 -2.52173 112 0.0116538 30.731
-0.0286865 -0.847046 1 -2.64435 134 0.0170273 130.255
0.125977 2.94995 1 -2.60992 141 0.0082007 18.8637
0.00646973 0.704102 1 -2.64731 144 0.0206686 54.8511
-0.010498 0.880798 1 -2.64844 148 0.019362 48.628
0.131409 0.0118408 1 -2.6327 151 0.025081 89.3274
0.0368347 1.55072 1 -2.64665 130 0.0140907 32.8341
0.483292 7.84888 1 -2.6734 139 0.00260562 8.05423
-0.0967407 4.95715 1 -2.62506 133 0.00453137 11.457
-0.065979 4.06848 1 -2.63121 121 0.0051709 13.838
0.137939 4.39764 1 -2.67935 127 0.00506731 12.9281
0.0123291 3.60742 1 -2.6297 131 0.00641903 15.4948
-0.358154 3.8252 1 -2.43896 117 0.00497999 15.5192
0.0305176 -0.643555 1 -2.66101 128 0.0189999 122.751
0.0234375 2.03088 1 -2.646 126 0.0107324 26.2217
-0.135986 -0.32489 1 -2.53271 146 0.0218173 107.845
-0.304199 -2.6582 1 -2.38232 135 0.00700861 158.535
-0.241211 1.83594 1 -2.3877 143 0.0110132 29.262
-0.0869141 -1.23173 1 -2.54053 165 0.0108846 140.822
0.0966797 -1.97058 1 -2.76562 151 0.00998795 152.986
-0.14209 -0.101562 1 -2.45996 110 0.0214938 95.7419
-0.019043 0.614258 1 -2.62305 111 0.0173599 58.444
-0.232422 -0.451172 1 -3.07227 113 0.020754 113.723
-1 1.71823 0 -1.34181 23 0.00685656 30.1991
-0.237793 -1.11768 1 -3.04688 122 0.0161382 137.396
0.219727 -2.08545 1 -2.4873 141 0.00822099 153.851
0.0627441 0.437988 1 -2.68408 111 0.019148 66.3885
0.0639648 -1.42188 1 -2.67993 133 0.0110871 144.826
0.12793 2.40405 1 -2.66675 106 0.00811716 22.7509
-0.348877 -1.68115 1 -2.98535 150 0.00989219 147.789
0.139648 -0.515625 1 -2.646 140 0.0182186 117.052
0.0568848 1.70593 1 -2.72864 108 0.0124782 30.4188
-0.37561 -0.060791 1 -2.90271 132 0.0200818 93.2571
0.0628662 0.47168 1 -2.72125 121 0.0222286 64.7913
0.0142822 0.432861 1 -2.73373 123 0.020001 66.5962
0.18927 3.27417 1 -2.72235 106 0.00618271 17.2675
0.0232086 1.29971 1 -2.74011 109 0.0145488 37.5822
-0.188873 -0.815186 1 -2.72525 133 0.0198533 128.696
0.220673 4.87484 1 -2.76526 111 0.00405415 11.8636
-0.225769 2.77161 1 -2.68253 123 0.00854098 20.2986
0.354248 0.648315 1 -2.86072 121 0.0186334 58.5707
-0.122681 -0.0983887 1 -2.70135 118 0.0210475 95.5776
0.258301 -1.43848 1 -2.90234 138 0.0121074 144.322
0.015625 -0.689941 1 -2.75732 131 0.0208896 124.6
-0.050293 0.286621 1 -2.70288 127 0.0250423 74.0257
0.127441 -0.516113 1 -2.85474 131 0.0213333 117.111
0.121826 -0.397949 1 -2.86206 127 0.022817 111.555
0.0517578 -0.922363 1 -2.81494 140 0.0145492 132.649
0.213379 -0.873047 1 -2.9917 146 0.0167529 130.492
-0.246094 -0.313477 1 -2.43555 115 0.0225261 106.93
-1 -0.96904 0 1.34685 68 0.0122929 134.099
-1 -3.58363 0 1.44831 90 0.00488238 164.408
0 1 0 -0.0212534 4 0.00338028 0
-1 1.36407 0 -1.34462 26 0.00761861 36.2451
0.344238 0.924316 1 -2.42578 81 0.0151651 48.8471
0.0322266 0.306885 1 -2.80225 92 0.0155053 72.9479
-0.241699 -0.0332031 1 -3.09277 120 0.020296 91.8485
-0.234863 -1.25732 1 -3.04956 120 0.0155641 140.752
0.493652 -0.969238 1 -2.4126 97 0.0133373 130.994
-0.0766602 0.129395 1 -2.91296 117 0.0238191 82.6485
0.0402832 -1.34192 1 -2.80481 126 0.012541 143.284
0.0637207 -0.484375 1 -2.80115 125 0.0228381 115.799
-1 -0.868958 0 -0.42976 87 0.0167829 130.989
-1 0.291351 0 -0.355201 104 0.0239421 73.7564
-0.154541 0.163086 1 -2.88522 117 0.0266221 80.8442
0.0290833 -2.0827 1 -2.82285 140 0.00867505 154.343
0.0640259 -2.30835 1 -2.82958 145 0.00913756 156.534
-0.0829468 -1.28711 1 -2.83008 136 0.0176107 142.06
-0.207092 -1.83325 1 -2.81026 145 0.0125323 150.88
-0.21936 1.70959 1 -2.78836 111 0.0123736 30.9149
-0.201416 -2.51111 1 -2.78308 155 0.00992249 157.892
-0.170166 -1.10693 1 -2.75934 129 0.0173797 137.498
0.169922 -0.62207 1 -2.93677 119 0.0220242 121.52
-1 -0.47142 0 0.645093 97 0.019467 115.24
-0.155273 0.609375 1 -2.73071 105 0.0208455 58.9454
0.190918 -0.0175781 1 -3.0166 105 0.0249329 90.9892
-0.0424805 -0.0356445 1 -2.80225 118 0.0281704 92.0396
0.415039 -1.95312 1 -3.29395 156 0.0105379 150.998
-0.115234 1.57324 1 -2.72754 123 0.0147896 32.6126
-0.208008 -1.03198 1 -2.59668 130 0.0144189 135.295
-1 -0.305511 0 1.32264 27 0.0236823 106.989
-1 0.467438 0 1.44552 47 0.0115301 64.9468
0 1 0 -0.0030887 4 0.00171609 0
-1 3.12733 0 -1.38501 49 0.0038013 17.7322
0 1 0 -0.00272774 7 0.00205053 0
-1 -1.07635 0 -1.15997 48 0.0150712 137.106
-0.0246582 -0.237549 1 -2.97803 97 0.0227477 103.359
-0.138184 -1.01611 1 -3.06763 122 0.0126656 135.187
0.109375 -2.42041 1 -2.81494 129 0.00672826 157.431
-1 -1.78223 0 -0.727869 85 0.0123353 150.703
0.157227 -2.00244 1 -2.83301 116 0.00682193 153.182
-1 -2.61502 0 -0.510654 59 0.0103899 159.073
0.172607 -1.21973 1 -2.84644 79 0.0114468 140.24
-0.0164795 -0.555298 1 -2.94662 109 0.0184474 119.04
-0.107666 -2.28928 1 -2.95267 134 0.00617297 156.282
-1 -3.36363 0 -0.15171 90 0.00497198 163.443
-1 4.23554 0 -0.0629317 74 0.00377728 13.2841
-0.0539246 -0.902344 1 -2.93118 101 0.0153452 132.02
-1 1.94945 0 0.152622 79 0.0105246 27.1562
0.0795898 -1.52277 1 -2.96878 111 0.0109342 146.624
-1 2.38447 0 0.34711 66 0.00618567 22.7522
-1 -3.33412 0 0.431944 76 0.00438913 163.304
-1 0.304901 0 0.540882 64 0.0198337 73.0435
-1 -0.185776 0 0.653678 86 0.0219211 100.524
0.230713 -2.12695 1 -3.14233 144 0.00770045 154.242
-0.0671387 -1.30078 1 -2.90771 91 0.0127737 142.386
0.330566 -0.848633 1 -3.26807 126 0.0162607 128.86
-0.22168 -0.310547 1 -2.73047 80 0.016522 106.867
-1 3.97818 0 1.15858 41 0.00443362 14.1102
0.0522461 0.675293 1 -3.01855 96 0.0201918 56.0053
0 1 0 -0.00147805 12 0.0030808 0
0 0 0 0 0 0 0
