0 0 0 0 0 0 0
0 0 0 0 0 0 0
0 0 0 0 0 0 0
0 0 0 0 0 0 0
0 0 0 0 0 0 0
0 0 0 0 0 0 0
0 0 0 0 0 0 0
0 0 0 0 0 0 0
0 0 0 0 0 0 0
0 0 0 0 0 0 0
0 0 0 0 0 0 0
0 0 0 0 0 0 0
0 0 0 0 0 0 0
0 0 0 0 0 0 0
0 0 0 0 0 0 0
0 0 0 0 0 0 0
0 0 0 0 0 0 0
0 0 0 0 0 0 0
0 0 0 0 0 0 0
0 0 0 0 0 0 0
0 0 0 0 0 0 0
0 0 0 0 0 0 0
0 0 0 0 0 0 0
0 0 0 0 0 0 0
0 0 0 0 0 0 0
0 0 0 0 0 0 0
0 0 0 0 0 0 0
0 0 0 0 0 0 0
0 0 0 0 0 0 0
0 0 0 0 0 0 0
0 0 0 0 0 0 0
0 0 0 0 0 0 0
0 0 0 0 0 0 0
0 0 0 0 0 0 0
0 0 0 0 0 0 0
0 0 0 0 0 0 0
0 0 0 0 0 0 0
0 0 0 0 0 0 0
0 0 0 0 0 0 0
0 0 0 0 0 0 0
0 0 0 0 0 0 0
0 0 0 0 0 0 0
0 0 0 0 0 0 0
0 0 0 0 0 0 0
0 0 0 0 0 0 0
0 0 0 0 0 0 0
0 0 0 0 0 0 0
0 0 0 0 0 0 0
0 0 0 0 0 0 0
0 0 0 0 0 0 0
0 0 0 0 0 0 0
0 0 0 0 0 0 0
0 0 0 0 0 0 0
0 0 0 0 0 0 0
0 0 0 0 0 0 0
0 0 0 0 0 0 0
0 0 0 0 0 0 0
0 0 0 0 0 0 0
0 0 0 0 0 0 0
0 0 0 0 0 0 0
0 0 0 0 0 0 0
0 0 0 0 0 0 0
0 0 0 0 0 0 0
0 0 0 0 0 0 0
0 0 0 0 0 0 0
0 0 0 0 0 0 0
0 0 0 0 0 0 0
0 0 0 0 0 0 0
0 0 0 0 0 0 0
0 0 0 0 0 0 0
0 0 0 0 0 0 0
0 0 0 0 0 0 0
0 0 0 0 0 0 0
0 0 0 0 0 0 0
0 0 0 0 0 0 0
0 0 0 0 0 0 0
0 0 0 0 0 0 0
0 0 0 0 0 0 0
0 0 0 0 0 0 0
0 0 0 0 0 0 0
0 0 0 0 0 0 0
0 0 0 0 0 0 0
0 0 0 0 0 0 0
0 0 0 0 0 0 0
0 0 0 0 0 0 0
0 0 0 0 0 0 0
0 0 0 0 0 0 0
0 0 0 0 0 0 0
0 0 0 0 0 0 0
0 0 0 0 0 0 0
0 0 0 0 0 0 0
0 0 0 0 0 0 0
0 0 0 0 0 0 0
0 0 0 0 0 0 0
0 0 0 0 0 0 0
0 0 0 0 0 0 0
0 0 0 0 0 0 0
0 0 0 0 0 0 0
0 0 0 0 0 0 0
0 0 0 0 0 0 0
0 0 0 0 0 0 0
0 0 0 0 0 0 0
0 0 0 0 0 0 0
0 0 0 0 0 0 0
0 0 0 0 0 0 0
0 0 0 0 0 0 0
0 0 0 0 0 0 0
0 0 0 0 0 0 0
0 0 0 0 0 0 0
0 0 0 0 0 0 0
0 0 0 0 0 0 0
0 0 0 0 0 0 0
0 0 0 0 0 0 0
0 0 0 0 0 0 0
0 0 0 0 0 0 0
0 0 0 0 0 0 0
0 0 0 0 0 0 0
0 0 0 0 0 0 0
0 0 0 0 0 0 0
0 0 0 0 0 0 0
0 0 0 0 0 0 0
0 0 0 0 0 0 0
0 0 0 0 0 0 0
0 0 0 0 0 0 0
0 0 0 0 0 0 0
0 0 0 0 0 0 0
0 0 0 0 0 0 0
0 0 0 0 0 0 0
0 0 0 0 0 0 0
0 0 0 0 0 0 0
0 0 0 0 0 0 0
0 0 0 0 0 0 0
0 0 0 0 0 0 0
0 0 0 0 0 0 0
0 0 0 0 0 0 0
0 0 0 0 0 0 0
0 0 0 0 0 0 0
0 0 0 0 0 0 0
0 0 0 0 0 0 0
0 0 0 0 0 0 0
0 0 0 0 0 0 0
0 0 0 0 0 0 0
0 0 0 0 0 0 0
0 0 0 0 0 0 0
0 0 0 0 0 0 0
0 0 0 0 0 0 0
0 0 0 0 0 0 0
0 0 0 0 0 0 0
0 0 0 0 0 0 0
0 0 0 0 0 0 0
0 0 0 0 0 0 0
0 0 0 0 0 0 0
0 0 0 0 0 0 0
0 0 0 0 0 0 0
0 0 0 0 0 0 0
0 0 0 0 0 0 0
0 0 0 0 0 0 0
0 0 0 0 0 0 0
0 0 0 0 0 0 0
0 0 0 0 0 0 0
0 0 0 0 0 0 0
0 0 0 0 0 0 0
0 0 0 0 0 0 0
0 0 0 0 0 0 0
0 0 0 0 0 0 0
0 0 0 0 0 0 0
0 0 0 0 0 0 0
0 0 0 0 0 0 0
0 0 0 0 0 0 0
0 0 0 0 0 0 0
0 0 0 0 0 0 0
0 0 0 0 0 0 0
0 0 0 0 0 0 0
0 0 0 0 0 0 0
0 0 0 0 0 0 0
0 0 0 0 0 0 0
0 0 0 0 0 0 0
0 0 0 0 0 0 0
0 0 0 0 0 0 0
0 0 0 0 0 0 0
0 0 0 0 0 0 0
0 0 0 0 0 0 0
0 0 0 0 0 0 0
0 0 0 0 0 0 0
0 0 0 0 0 0 0
0 0 0 0 0 0 0
0 0 0 0 0 0 0
0 0 0 0 0 0 0
0 0 0 0 0 0 0
0 1 0 0.0038065 53 0.00126917 0
-0.018158 0.856689 1 -0.704575 226 0.0017417 49.4183
0.0157471 0.768066 1 -0.69133 342 0.00258108 52.4768
0.00634766 0.658295 1 -0.693634 324 0.00260107 56.6438
0.0136185 1.20361 1 -0.694435 392 0.00226488 39.7235
0.00522232 0.0689697 1 -0.693251 390 0.00354908 86.0546
0.00753403 0.564819 1 -0.693293 400 0.00319894 60.5421
0.038147 -0.761536 1 -0.695969 455 0.00292641 127.27
-0.0109253 1.08466 1 -0.691936 568 0.0034709 42.6763
0.0355225 -0.659912 1 -0.697975 661 0.00449023 123.405
0.00982666 -0.224365 1 -0.69101 721 0.00611899 102.645
-0.436035 1.42773 1 -0.477295 370 0.00390233 37.3834
0 0 0 0 0 0 0
0 0 0 0 0 0 0
0 0 0 0 0 0 0
0 0 0 0 0 0 0
0 0 0 0 0 0 0
0 0 0 0 0 0 0
0 0 0 0 0 0 0
0 0 0 0 0 0 0
0 0 0 0 0 0 0
0 0 0 0 0 0 0
0 0 0 0 0 0 0
0 0 0 0 0 0 0
0 0 0 0 0 0 0
0 0 0 0 0 0 0
0 0 0 0 0 0 0
0 0 0 0 0 0 0
0 0 0 0 0 0 0
0 1 0 0.00199667 33 0.00242273 0
0.51178 -5.29919 1 -0.477509 2094 0.00313752 168.031
-0.0305786 1.2565 1 -0.761902 2294 0.0152189 38.528
-0.00787354 5.85211 1 -0.758827 2249 0.0038254 9.69722
0.0528259 -2.07715 1 -0.732887 2337 0.0104968 154.261
-0.0323944 -6.37219 1 -0.739346 2335 0.00347634 171.077
-0.00125122 1.62872 1 -0.750484 2292 0.0130307 31.549
-0.00876617 0.0494995 1 -0.747271 2360 0.024843 87.1663
-0.0354309 5.86046 1 -0.743496 2321 0.00390751 9.68935
-0.140182 7.46852 1 -0.737316 2331 0.00285463 7.69995
-0.226349 5.9826 1 -0.703201 2342 0.0034616 9.72486
-0.0210266 -3.86707 1 -0.705154 2413 0.00583597 165.498
-0.44458 3.60541 1 -0.549377 1691 0.00574959 16.885
0 0 0 0 0 0 0
0 0 0 0 0 0 0
0 0 0 0 0 0 0
0 0 0 0 0 0 0
0 0 0 0 0 0 0
0 0 0 0 0 0 0
0 0 0 0 0 0 0
0 0 0 0 0 0 0
0 0 0 0 0 0 0
0 0 0 0 0 0 0
0 0 0 0 0 0 0
0 0 0 0 0 0 0
0 0 0 0 0 0 0
0 0 0 0 0 0 0
0 0 0 0 0 0 0
0 0 0 0 0 0 0
0 0 0 0 0 0 0
0.881592 -5.52869 1 -0.305298 657 0.00314691 166.443
-0.00915527 0.0136719 1 -0.854034 1855 0.0248249 89.2167
0.0509033 -0.672363 1 -0.825134 1841 0.0208279 123.881
0.01297 -1.38037 1 -0.840469 1833 0.0145637 144.077
0.0661621 -2.30713 1 -0.825623 1852 0.00970943 156.521
-0.069519 -2.20978 1 -0.852032 1857 0.0102378 155.6
0.0838318 -6.22717 1 -0.836301 1822 0.00342424 170.846
-0.0866089 -2.30945 1 -0.839462 1847 0.00983643 156.509
-0.00698853 -0.932556 1 -0.847902 1840 0.0179289 133.001
-0.0447083 2.01172 1 -0.839371 1837 0.0108678 26.4542
-0.167084 5.91968 1 -0.804199 1859 0.0038851 9.71875
-0.351501 5.76147 1 -0.736359 1849 0.00374809 10.4245
-0.00524902 1.66357 1 -0.861298 1878 0.0129401 31.0111
-1.18408 -2.37305 1 -0.112305 407 0.00572389 146.851
0 0 0 0 0 0 0
0 0 0 0 0 0 0
0 0 0 0 0 0 0
0 0 0 0 0 0 0
0 0 0 0 0 0 0
0 0 0 0 0 0 0
0 0 0 0 0 0 0
0 0 0 0 0 0 0
0 0 0 0 0 0 0
0 0 0 0 0 0 0
0 0 0 0 0 0 0
0 0 0 0 0 0 0
0 0 0 0 0 0 0
0 0 0 0 0 0 0
0 0 0 0 0 0 0
0 1 0 -0.00238709 9 0.00101392 0
0.161865 -2.51172 1 -0.844543 1229 0.00806546 158.035
0.0674438 2.31494 1 -0.909515 1469 0.00961985 23.4106
0.0836182 -5.82092 1 -0.903931 1469 0.00382077 170.219
0.00305176 -1.36182 1 -0.944809 1483 0.0146051 143.71
-0.202332 3.82373 1 -1.00854 1455 0.0060062 14.9398
0.0345917 3.58612 1 -0.953678 1460 0.00650937 15.5901
-0.0182915 1.8053 1 -0.951488 1411 0.0119094 28.9872
-0.00237274 -2.68152 1 -0.938858 1494 0.00837577 159.548
-0.0618744 -2.36389 1 -0.935186 1499 0.00972006 157.031
0.0581665 -2.34634 1 -0.960419 1498 0.00934737 156.882
0.00741577 3.80682 1 -0.95343 1435 0.00607678 14.7187
-0.535278 5.91748 1 -0.730835 1494 0.00358958 10.8507
-0.0789795 2.16226 1 -0.927216 1521 0.0103067 24.8875
-0.436157 -4.63135 1 -0.628845 1078 0.00437122 166.745
0 0 0 0 0 0 0
0 0 0 0 0 0 0
0 0 0 0 0 0 0
0 0 0 0 0 0 0
0 0 0 0 0 0 0
0 0 0 0 0 0 0
0 0 0 0 0 0 0
0 0 0 0 0 0 0
0 0 0 0 0 0 0
0 0 0 0 0 0 0
0 0 0 0 0 0 0
0 0 0 0 0 0 0
0 0 0 0 0 0 0
0 0 0 0 0 0 0
0 0 0 0 0 0 0
0.973633 -1.01807 1 -0.357178 363 0.0108247 126.108
-0.0545654 -1.04541 1 -1.08075 1222 0.0171584 136.229
0.0495605 -0.746826 1 -1.02039 1146 0.0193908 126.72
-0.0178223 1.37696 1 -1.05757 1178 0.0143415 35.993
0.0182495 2.61353 1 -1.0434 1181 0.00862504 20.9413
-0.134338 4.13989 1 -1.08906 1181 0.00563595 13.6972
-0.00164795 1.68549 1 -1.05231 1221 0.0128622 30.6807
0.0226974 -1.25525 1 -1.04294 1215 0.0158755 141.45
0.0282669 1.88318 1 -1.05356 1221 0.0117727 27.9785
-0.0118713 1.02625 1 -1.0464 1218 0.0175137 44.2599
0.0309753 -2.29544 1 -1.05325 1221 0.00974493 156.45
-0.0139771 -2.43262 1 -1.04289 1209 0.00953712 157.651
-0.168213 5.09937 1 -0.976257 1213 0.00432327 11.247
-0.348022 6.67432 1 -0.909058 1173 0.00293551 9.01443
-0.0247803 0.211914 1 -1.03674 1239 0.0242455 78.0388
-1.32715 -3.71094 1 -0.0805664 237 0.00261174 155.878
0 0 0 0 0 0 0
0 0 0 0 0 0 0
0 0 0 0 0 0 0
0 0 0 0 0 0 0
0 0 0 0 0 0 0
0 0 0 0 0 0 0
0 0 0 0 0 0 0
0 0 0 0 0 0 0
0 0 0 0 0 0 0
0 0 0 0 0 0 0
0 0 0 0 0 0 0
0 0 0 0 0 0 0
0 0 0 0 0 0 0
0 0 0 0 0 0 0
0.528809 4.12793 1 -0.778931 793 0.0052394 15.325
0.0897217 3.90527 1 -1.09283 1000 0.00592819 14.4181
0.288086 -5.01855 1 -0.984985 1020 0.00459785 168.285
0.0203857 3.11523 1 -1.14078 981 0.0074801 17.8003
0.0308838 2.39014 1 -1.1351 979 0.00941157 22.7135
0.00500488 0.703735 1 -1.14687 968 0.0202141 54.8649
-0.0952301 -3.98637 1 -1.14905 998 0.0055724 165.857
0.00382996 0.213058 1 -1.1494 966 0.0242776 77.9726
0.0560608 4.11853 1 -1.16129 1002 0.00586064 13.6682
0.00898743 0.123352 1 -1.15078 1046 0.025893 82.9683
-0.0443115 2.24606 1 -1.14204 998 0.0102056 24.0206
-0.059021 -4.83789 1 -1.12515 1037 0.00476738 168.302
0.0529785 4.78638 1 -1.16721 990 0.00492561 11.8169
-0.552368 5.9209 1 -0.861511 1014 0.00355668 10.9208
-0.2146 4.81104 1 -1.05267 989 0.00452148 12.0017
-0.294434 2.90332 1 -0.967896 659 0.00722829 19.7508
0 0 0 0 0 0 0
0 0 0 0 0 0 0
0 0 0 0 0 0 0
0 0 0 0 0 0 0
0 0 0 0 0 0 0
0 0 0 0 0 0 0
0 0 0 0 0 0 0
0 0 0 0 0 0 0
0 0 0 0 0 0 0
0 0 0 0 0 0 0
0 0 0 0 0 0 0
0 0 0 0 0 0 0
0 0 0 0 0 0 0
-1 0.0648193 0 -0.816581 209 0.0100923 86.2913
0.104492 2.40674 1 -1.1748 802 0.00912127 22.6733
-0.0309448 -3.13806 1 -1.26825 802 0.00696838 162.317
-0.0107422 0.143616 1 -1.2547 849 0.0259575 81.8278
-0.0274048 2.46252 1 -1.2601 837 0.00934552 22.1089
-0.0171509 3.85457 1 -1.24883 840 0.00618317 14.5458
0.0385437 -3.39221 1 -1.23049 852 0.00722441 163.563
0.00535583 -2.14099 1 -1.2421 832 0.0104605 154.964
-0.037384 -3.69305 1 -1.24237 796 0.00584095 164.839
-0.0298157 -2.07214 1 -1.24344 847 0.0109732 154.228
-0.0576477 2.82768 1 -1.24539 794 0.00796304 19.5059
0.207367 -5.28259 1 -1.28522 842 0.00405333 169.058
-0.307007 -4.50635 1 -1.13071 830 0.00504012 166.931
-0.0379028 -3.52576 1 -1.23471 823 0.00645548 164.154
-0.181396 1.94922 1 -1.14954 842 0.0108908 27.5375
-0.10022 3.49023 1 -1.20538 816 0.00641241 16.0637
-0.125122 2.55615 1 -1.17957 842 0.00874344 21.5175
-1 -1.40039 0 0.828789 145 0.00458663 144.47
0 0 0 0 0 0 0
0 0 0 0 0 0 0
0 0 0 0 0 0 0
0 0 0 0 0 0 0
0 0 0 0 0 0 0
0 0 0 0 0 0 0
0 0 0 0 0 0 0
0 0 0 0 0 0 0
0 0 0 0 0 0 0
0 0 0 0 0 0 0
0 0 0 0 0 0 0
0 0 0 0 0 0 0
0.35083 -0.774658 1 -1.05542 511 0.0169886 126.166
0.0950928 2.65381 1 -1.27509 698 0.00851006 20.7325
0.169189 -4.08203 1 -1.22961 682 0.0050874 166.047
-0.0108643 -0.647461 1 -1.35309 692 0.0206012 122.92
0.00274658 3.55396 1 -1.34552 700 0.00657773 15.7154
-0.0509033 -2.04527 1 -1.37105 693 0.0104895 153.915
0.0369873 0.00317383 1 -1.33848 686 0.0243939 89.8183
0.0237579 2.19617 1 -1.35203 683 0.0101783 24.4877
-0.0116501 -2.58478 1 -1.33961 693 0.00872802 158.848
0.08284 2.58521 1 -1.36108 680 0.00881677 21.2133
0.0278625 -3.34076 1 -1.34954 710 0.00695552 163.33
0.0411377 -1.32509 1 -1.35783 697 0.0142964 142.936
-0.211243 -5.82324 1 -1.25061 732 0.00377964 170.045
-0.238892 -4.45068 1 -1.23965 694 0.00486151 166.992
0.0133667 0.901367 1 -1.35431 709 0.0187551 47.9721
-0.245483 6.50146 1 -1.20874 684 0.0029519 8.99964
-0.209351 2.07031 1 -1.20947 717 0.0104595 26.2659
-0.498779 -2.48047 1 -0.913818 445 0.00770511 155.748
0 0 0 0 0 0 0
0 0 0 0 0 0 0
0 0 0 0 0 0 0
0 0 0 0 0 0 0
0 0 0 0 0 0 0
0 0 0 0 0 0 0
0 0 0 0 0 0 0
0 0 0 0 0 0 0
0 0 0 0 0 0 0
0 0 0 0 0 0 0
0 0 0 0 0 0 0
-1 -1.41626 0 -0.90242 124 0.00503216 144.775
-0.14209 -0.414062 1 -1.57031 645 0.0217669 112.291
-0.00244141 2.58563 1 -1.44672 600 0.00915469 21.1442
-0.0411377 -1.74609 1 -1.47565 609 0.0127753 150.179
0.0682983 -2.08691 1 -1.40967 595 0.0104384 154.345
0.031189 1.96948 1 -1.43256 600 0.0113748 26.9303
-0.0232544 0.52124 1 -1.45622 586 0.0221614 62.476
0.0284119 4.05655 1 -1.45351 577 0.0056671 13.8535
0.0122986 3.1958 1 -1.45591 580 0.00709578 17.3767
-0.0494003 -0.765381 1 -1.44815 571 0.0191555 127.396
-0.022934 0.390503 1 -1.4472 596 0.0236467 68.6743
0.00942993 3.64188 1 -1.45519 596 0.00652053 15.3547
0.0131226 0.680149 1 -1.45406 613 0.0213838 55.7808
0.00311279 -1.53271 1 -1.44337 607 0.0135889 146.878
-0.194702 -4.70801 1 -1.35193 640 0.00524682 167.79
0.0252686 1.0791 1 -1.4624 601 0.0175407 42.8303
-0.195801 3.14209 1 -1.32483 624 0.00732447 17.968
-0.215698 2.85449 1 -1.30518 638 0.00800974 19.7168
-0.0512695 1.63672 1 -1.41919 609 0.0131525 31.4575
-1 -1.56177 0 0.929649 83 0.00421366 147.369
0 0 0 0 0 0 0
0 0 0 0 0 0 0
0 0 0 0 0 0 0
0 0 0 0 0 0 0
0 0 0 0 0 0 0
0 0 0 0 0 0 0
0 0 0 0 0 0 0
0 0 0 0 0 0 0
0 0 0 0 0 0 0
0 0 0 0 0 0 0
0.695801 4.95117 1 -0.935791 309 0.0036603 13.8232
0.0280762 1.49902 1 -1.52795 500 0.0134125 33.7177
0.0957031 -2.21729 1 -1.47974 485 0.00989612 155.626
-0.0113525 -1.73083 1 -1.54816 456 0.0112282 149.981
-0.0407715 -0.233887 1 -1.56995 465 0.0224413 103.154
0.00543213 2.0332 1 -1.54108 481 0.0106051 26.1899
0.157349 -2.95996 1 -1.49576 484 0.00757252 161.119
0.0124207 1.0578 1 -1.54466 477 0.017179 43.3933
0.0114746 -1.57605 1 -1.54065 508 0.014092 147.603
-0.0465393 1.1283 1 -1.55167 480 0.0173422 41.5811
0.109772 2.82593 1 -1.56203 473 0.00866524 19.5953
0.0266724 0.285339 1 -1.55289 491 0.0258222 74.0798
0.0150452 -0.893738 1 -1.55038 484 0.0191598 131.785
-0.133972 2.01733 1 -1.51503 463 0.011354 26.5711
-0.0415039 -2.4707 1 -1.52765 460 0.00918684 157.948
-0.0582275 -2.12354 1 -1.51733 468 0.0107278 154.746
-0.182373 2.64648 1 -1.42834 468 0.00879551 21.0114
-0.226807 4.14502 1 -1.39551 452 0.00538843 13.8949
-0.192139 3.23633 1 -1.41028 441 0.00659028 17.4659
-0.262207 -1.36377 1 -1.28955 296 0.0119865 142.836
0 0 0 0 0 0 0
0 0 0 0 0 0 0
0 0 0 0 0 0 0
0 0 0 0 0 0 0
0 0 0 0 0 0 0
0 0 0 0 0 0 0
0 0 0 0 0 0 0
0 0 0 0 0 0 0
0 0 0 0 0 0 0
-1 -1.06097 0 -1.00435 79 0.0048901 136.695
0.0651855 2.51367 1 -1.59607 419 0.00836637 21.7356
0.0849609 5.07056 1 -1.58398 419 0.00411916 11.1957
0.0506592 -0.654297 1 -1.60925 418 0.0194095 123.163
-0.0206299 3.79004 1 -1.67303 445 0.00636418 14.7836
0.195312 4.01855 1 -1.54285 443 0.00569519 14.2274
0.0512085 1.3667 1 -1.62369 444 0.0147685 36.2283
0.132935 -0.94043 1 -1.59824 412 0.0157241 132.991
0.0289917 -2.63794 1 -1.63539 453 0.00876007 159.231
-0.0148621 0.253479 1 -1.65243 428 0.0239305 75.7778
0.0485077 2.07096 1 -1.65102 412 0.0107026 25.8008
0.058136 1.7334 1 -1.65643 441 0.0123975 30.0226
-0.0043335 -0.169739 1 -1.64871 438 0.024934 99.6334
0.0637817 -2.81006 1 -1.65828 446 0.00818954 160.374
-0.0904541 2.00635 1 -1.62555 424 0.0106258 26.5858
-0.102295 -3.68115 1 -1.58923 424 0.00544196 164.727
-0.248657 -3.67676 1 -1.51501 436 0.00578643 164.344
-0.0311279 2.63159 1 -1.62109 452 0.00876214 20.8159
-0.0732422 3.69385 1 -1.60388 453 0.00614726 15.1867
-0.052124 -0.751465 1 -1.59644 455 0.0195293 126.886
0.027832 0.166504 1 -1.6748 480 0.0268411 80.5503
-1 -1.75854 0 1.02784 64 0.00338224 150.375
0 0 0 0 0 0 0
0 0 0 0 0 0 0
0 0 0 0 0 0 0
0 0 0 0 0 0 0
0 0 0 0 0 0 0
0 0 0 0 0 0 0
0 0 0 0 0 0 0
0 0 0 0 0 0 0
1.09961 5.68359 1 -0.657227 242 0.00294115 14.6552
0.10376 3.771 1 -1.65698 382 0.00626775 14.9281
0.213379 6.11133 1 -1.56812 390 0.00342704 9.49842
0.242188 -2.54688 1 -1.5636 393 0.00853264 158.002
-0.0648193 -1.99854 1 -1.78064 389 0.0105703 153.37
-0.0563965 -1.95215 1 -1.77722 375 0.0106242 152.839
-0.130005 -2.93311 1 -1.80945 401 0.00800987 161.027
0.0657959 -2.32568 1 -1.7196 381 0.00972456 156.688
0.00415039 -2.8634 1 -1.73889 380 0.00798269 160.749
-0.0953064 -1.90202 1 -1.75586 373 0.011149 152.16
0.0261002 -0.543385 1 -1.74703 362 0.0222074 118.511
-0.110085 0.0842285 1 -1.74275 382 0.0244593 85.2142
0.0195007 -5.07729 1 -1.738 407 0.0043751 168.856
0.039856 -1.73737 1 -1.75748 376 0.0120972 150.056
-0.0751343 2.10327 1 -1.73004 403 0.011115 25.4913
0.266968 4.82129 1 -1.88892 399 0.00521415 12.1162
0.0483398 -0.869385 1 -1.77472 394 0.0179419 130.97
0.0279541 -1.00659 1 -1.77283 381 0.0174797 135.177
-0.494141 5.21387 1 -1.37866 393 0.00406214 12.0755
-0.216064 4.36572 1 -1.57849 370 0.00471735 13.1889
0.140869 -1.73987 1 -1.86841 378 0.010235 149.868
-0.398926 -1.50781 1 -1.33154 255 0.0114871 144.472
0 0 0 0 0 0 0
0 0 0 0 0 0 0
0 0 0 0 0 0 0
0 0 0 0 0 0 0
0 0 0 0 0 0 0
0 0 0 0 0 0 0
0 0 0 0 0 0 0
-1 -0.368896 0 -1.10452 32 0.00529657 110.249
0.335938 2.24561 1 -1.50684 341 0.0102668 25.1627
0.171387 2.70703 1 -1.69604 377 0.00881042 20.5457
0.0531006 -2.65137 1 -1.8009 351 0.00796044 159.309
-0.214233 -3.76343 1 -1.98364 359 0.00478453 164.797
0.0137939 -4.29926 1 -1.81989 353 0.00442183 166.905
-0.170654 -2.26562 1 -1.94263 364 0.0101005 155.879
0.0541992 1.80981 1 -1.82587 341 0.0125963 28.9581
0.012207 -0.64209 1 -1.84244 345 0.0220471 122.702
-0.00732422 -3.78008 1 -1.83437 323 0.00497315 165.182
-0.0998535 -2.64899 1 -1.86105 326 0.00800248 159.224
0.0977402 -0.739319 1 -1.83848 310 0.0190948 126.346
-0.0278168 -2.55811 1 -1.83367 338 0.00877625 158.641
0.0446472 -0.66626 1 -1.85097 294 0.0175637 123.648
0.127258 -3.49805 1 -1.87369 337 0.00579719 163.924
-0.132446 2.01904 1 -1.80402 286 0.00941495 26.5471
-0.0388184 -0.67334 1 -1.82782 326 0.0201638 123.934
-0.0172119 -0.964844 1 -1.83606 306 0.0160808 133.971
0.0583496 2.61902 1 -1.87451 285 0.00748644 20.9304
-0.107666 -0.00976562 1 -1.7655 316 0.0211953 90.5563
0.019165 1.59961 1 -1.86462 354 0.0132657 32.0164
-0.0463867 2.65234 1 -1.82324 339 0.00850591 20.678
-0.162109 3.44775 1 -1.71021 280 0.00572662 16.3744
-1 0.408783 0 1.10647 42 0.0049141 67.7661
0 0 0 0 0 0 0
0 0 0 0 0 0 0
0 0 0 0 0 0 0
0 0 0 0 0 0 0
0 0 0 0 0 0 0
0 0 0 0 0 0 0
-0.223633 -0.893555 1 -2.16895 119 0.00874021 131.089
-0.0163574 -1.06262 1 -1.96265 351 0.0155466 136.735
-0.0170898 0.765625 1 -1.97144 298 0.018852 52.5655
0.262451 -2.39355 1 -1.72485 280 0.00717364 156.639
-0.0262451 -1.44513 1 -1.95972 274 0.0110209 145.308
-0.0100098 -0.414551 1 -1.95593 284 0.020087 112.515
0.0629883 2.4585 1 -1.91534 282 0.00874577 22.1738
0.0408936 1.53601 1 -1.93088 268 0.0124448 33.0875
-0.013916 1.02197 1 -1.95279 288 0.0174161 44.3802
0.17395 -1.8606 1 -1.89413 297 0.0104295 151.386
-0.0881653 -2.15463 1 -1.95419 320 0.0102692 155.018
0.0340347 -1.24628 1 -1.94847 296 0.0152002 141.241
0.110794 -3.47449 1 -1.93703 342 0.00661771 163.85
0.0632019 -3.26788 1 -1.94587 333 0.00726782 162.953
-0.0366211 -1.15869 1 -1.93434 314 0.0170923 139.185
-0.0845947 -4.61725 1 -1.91284 340 0.00473636 167.737
-0.0966797 2.35938 1 -1.91653 292 0.00969334 23.0651
0.045166 0.123047 1 -1.97198 297 0.0264786 82.9923
-0.155518 -2.8584 1 -1.85315 327 0.00819876 160.503
0.029541 -0.122314 1 -1.97021 305 0.0253371 96.9705
-0.121094 1.56836 1 -1.84851 290 0.0128107 32.7113
-0.500977 5.21875 1 -1.48657 295 0.00360249 12.0965
-0.0166016 -0.0518799 1 -1.92944 290 0.0234817 92.9694
-0.567383 -0.717926 1 -1.30176 165 0.0146533 121.981
0 0 0 0 0 0 0
0 0 0 0 0 0 0
0 0 0 0 0 0 0
0 0 0 0 0 0 0
0 0 0 0 0 0 0
0 1 0 -0.00974851 11 0.00146051 0
0.0439453 0.203613 1 -2.02539 112 0.0132523 78.5019
-0.393555 0.375977 1 -2.45703 313 0.0194319 70.7172
0.0349121 -2.93488 1 -2.00879 276 0.00721067 161.174
0.358643 -3.09082 1 -1.7229 271 0.00650825 161.031
-0.00195312 2.08887 1 -2.06189 272 0.0110652 25.5818
-0.20459 -1.95239 1 -2.17078 284 0.0107965 152.399
-0.109985 -0.856934 1 -2.10364 295 0.0201546 130.424
0.236328 -0.11084 1 -1.94031 274 0.0255883 96.1566
-0.00860596 4.05589 1 -2.05643 253 0.0055207 13.8508
0.0974121 2.21533 1 -2.02472 248 0.00971395 24.396
0.00491333 2.00409 1 -2.05042 228 0.00983824 26.5185
-0.0964355 -3.26912 1 -2.04675 255 0.00615215 162.917
0.124481 2.43103 1 -2.06523 196 0.00773416 22.5151
0.0802002 1.50781 1 -2.0655 226 0.0121104 33.6375
0.0430298 -1.40845 1 -2.05502 230 0.0117932 144.6
-0.0772705 -0.838867 1 -2.0202 230 0.0166162 129.908
-0.162964 1.65088 1 -1.97906 247 0.0119346 31.5386
0.0283203 -1.22754 1 -2.06531 243 0.015201 140.821
-0.0325928 -0.310547 1 -2.0271 250 0.0233661 107.243
0.172241 -1.93359 1 -2.1875 253 0.00926253 152.31
-0.183105 0.0107422 1 -1.88867 260 0.0232345 89.3946
0.00219727 1.00586 1 -2.0542 273 0.0183314 44.8327
-0.076416 0.340332 1 -1.97266 285 0.0243651 71.2557
-0.160889 -2.7998 1 -1.84521 283 0.00771304 160.112
0 1 0 -0.00523204 35 0.00227229 0
0 0 0 0 0 0 0
0 0 0 0 0 0 0
0 0 0 0 0 0 0
0 0 0 0 0 0 0
-1 -0.721191 0 -1.22187 119 0.0134699 125.799
0.0595703 2.69336 1 -2.11279 213 0.00741908 20.4023
-1 3.32822 0 -1.09538 48 0.0046176 16.7235
-0.341309 -0.248817 1 -2.46948 243 0.0176252 103.251
-0.0375977 1.83594 1 -2.19019 211 0.0112745 28.5933
-0.00671387 -4.52197 1 -2.11157 238 0.00346052 167.53
-0.0661621 -0.309814 1 -2.18665 224 0.0215311 107.178
0.169434 4.59521 1 -2.05981 207 0.00426077 12.4467
0.144531 -2.8667 1 -2.07935 232 0.00663676 160.585
-0.0368652 -0.154541 1 -2.15503 219 0.0229365 98.7792
0.0755005 1.30447 1 -2.1266 240 0.0154126 37.5522
-0.0681152 1.26913 1 -2.15688 247 0.016443 38.3004
0.157242 -0.0460205 1 -2.13917 225 0.0243404 92.603
0.0465698 0.930176 1 -2.14839 241 0.0198966 47.1027
0.0249023 1.61047 1 -2.15266 239 0.0141009 31.8456
-0.029541 1.40991 1 -2.14394 232 0.0149671 35.3585
0.06073 5.09991 1 -2.16321 210 0.00406614 11.1138
0.0324707 0.484375 1 -2.16943 254 0.0239389 64.1675
0.227295 3.79297 1 -2.27252 220 0.00605103 15.1293
-0.17041 -2.57617 1 -2.03943 245 0.00943607 158.507
0.0214844 -0.7146 1 -2.16443 250 0.0219055 125.543
0.0720215 -0.370117 1 -2.20947 237 0.0231633 110.262
-0.153809 3.4082 1 -2.00317 213 0.00635131 16.5341
0.0549316 -1.69824 1 -2.20093 249 0.0101715 149.471
-0.112305 2.36816 1 -2.04053 215 0.00868239 23.0217
-1 0.449036 0 1.22714 125 0.0125881 65.8182
0 0 0 0 0 0 0
0 0 0 0 0 0 0
0 0 0 0 0 0 0
0 1 0 -0.0171369 10 0.00177155 0
0.352539 2.23438 1 -1.83301 235 0.0106757 25.3867
0.134521 2.77734 1 -2.11353 201 0.00816173 19.9661
-0.379883 -0.734375 1 -2.66211 141 0.0179992 124.47
-1 0.453644 0 -0.914578 33 0.0052869 65.5989
-0.174316 0.256348 1 -2.39941 291 0.0266796 75.8269
0.103394 4.91077 1 -2.20715 220 0.00493393 11.5697
0.272461 4.21338 1 -2.09399 226 0.0057461 13.8199
0.155273 -3.33032 1 -2.15887 252 0.00738959 163.098
-0.0909424 3.57104 1 -2.29645 215 0.00712529 15.7052
0.185913 -3.28711 1 -2.18402 242 0.00709522 162.806
0.0565796 -2.92603 1 -2.22147 231 0.00753736 161.104
0.00933838 5.66544 1 -2.25319 213 0.00406942 10.0106
0.0261993 0.852966 1 -2.24827 201 0.0189524 49.5466
-0.125595 -0.58606 1 -2.24079 197 0.0189934 120.178
-0.0115356 -1.52524 1 -2.25087 196 0.0113453 146.748
0.0680542 -0.757767 1 -2.26826 199 0.0172112 127.09
-0.167603 -3.81848 1 -2.18881 228 0.00465462 165.129
0.000244141 0.98584 1 -2.24896 190 0.0156203 45.4085
-0.282227 -3.74023 1 -2.08911 204 0.00491495 164.474
0.0462646 -1.75781 1 -2.28052 201 0.0108597 150.339
-0.153564 -0.621094 1 -2.13831 179 0.0165523 121.546
-0.0222168 -1.81226 1 -2.23682 204 0.00956507 151.104
0.0458984 -1.2959 1 -2.29443 212 0.0126682 142.315
-0.0266113 2.77222 1 -2.23242 186 0.0076588 19.842
0.095459 0.300537 1 -2.36206 213 0.0229591 73.344
0.0712891 2.26855 1 -2.35693 184 0.0112048 23.842
0 0 0 0 0 0 0
0 0 0 0 0 0 0
0 0 0 0 0 0 0
-1 -1.04333 0 -1.31856 85 0.00967111 136.215
0.11499 1.71143 1 -2.23193 197 0.0131686 30.4623
0.0249023 0.261841 1 -2.32373 214 0.0290002 75.3314
-0.186768 -3.54395 1 -2.54224 261 0.00575416 163.984
0.0380859 -1.3291 1 -2.30811 86 0.0118351 143.023
0.123291 2.43823 1 -2.26831 173 0.00893459 22.4523
-0.0288086 -0.985779 1 -2.36951 198 0.0138855 134.578
-0.158325 -3.69482 1 -2.43604 202 0.00476297 164.676
0.0142822 0.194458 1 -2.34863 197 0.0255381 78.9968
0.0854492 -1.16138 1 -2.30414 196 0.0138967 139.167
-0.0629883 1.45947 1 -2.37781 186 0.0135766 34.471
-0.118286 6.49756 1 -2.39624 174 0.0031697 8.80944
0.000793457 1.16846 1 -2.35065 172 0.0149128 40.5579
0.0548096 5.50986 1 -2.33267 153 0.00337503 10.3019
-0.0085907 6.05603 1 -2.34204 185 0.0036085 9.37668
0.0602417 4.5321 1 -2.35242 183 0.00508838 12.4647
-0.0982056 2.61023 1 -2.32016 179 0.00852516 21.0543
0.167236 2.31152 1 -2.40448 166 0.00924315 23.6834
-0.364502 5.54639 1 -2.16736 173 0.00337219 10.8631
0.0603027 2.96143 1 -2.37781 175 0.00759029 18.6901
-0.000732422 4.09998 1 -2.33142 167 0.00510632 13.707
-0.425293 -1.8457 1 -2.04541 185 0.011104 149.512
-0.293213 5.48047 1 -2.04736 190 0.0036404 10.7661
-0.260498 -1.67969 1 -2.10889 208 0.0119604 148.399
0.272949 0.0507812 1 -2.64111 211 0.0233509 87.1954
-0.10083 -0.0751953 1 -2.24219 191 0.0265996 94.2787
-0.0175781 -0.971436 1 -2.32617 209 0.0184482 134.165
-1 0.251587 0 1.30864 31 0.00679892 75.8782
0 0 0 0 0 0 0
0 1 0 -0.0116682 9 0.00568432 0
0.345215 -1.23584 1 -1.97998 155 0.0104391 139.436
0.204834 1.92871 1 -2.20898 126 0.00862584 27.8899
0.179932 -1.49976 1 -2.23047 151 0.0102873 145.883
-1 -1.43567 0 -1.06437 91 0.00702246 145.141
-1 -2.431 0 -0.918553 78 0.00624507 157.64
0.368408 -3.06445 1 -2.10571 155 0.00523381 160.824
0.0322266 -0.494629 1 -2.40881 154 0.0170717 116.307
0.0805664 0.098877 1 -2.39563 168 0.0215561 84.3712
0.0792236 -0.337952 1 -2.40186 138 0.0187082 108.618
0.0424805 -1.63281 1 -2.40253 153 0.00848682 148.492
0.160889 2.3457 1 -2.39395 138 0.00805635 23.3544
-0.0227661 0.123276 1 -2.45242 157 0.0225625 82.9741
0.0874939 -0.826759 1 -2.43396 152 0.0156081 129.475
-0.0700989 -1.23679 1 -2.44669 145 0.0108643 140.974
0.127029 0.515991 1 -2.44968 175 0.0221991 62.8931
-0.0602417 2.125 1 -2.43423 168 0.0111589 25.2411
-0.0192261 1.37573 1 -2.44069 183 0.01646 36.0179
0.0946045 3.07178 1 -2.47333 158 0.00773393 18.1076
0.0616455 0.0604248 1 -2.46655 183 0.0247508 86.5487
0.117188 2.59961 1 -2.50696 171 0.00961318 21.1717
0.022583 -2.75281 1 -2.46899 208 0.0092613 160.031
-0.0595703 0.293945 1 -2.40186 185 0.027545 73.647
0.10498 -1.40112 1 -2.54785 198 0.0154904 144.335
-0.233887 0.500732 1 -2.22949 177 0.0213095 64.0073
-0.0214844 -1.23291 1 -2.42236 177 0.0141817 140.948
-0.00268555 -0.345703 1 -2.44775 176 0.0228415 109.07
-0.114746 1.88306 1 -2.31982 146 0.0107568 28.1261
-1 1.72052 0 1.31149 102 0.00781422 30.166
0 0 0 0 0 0 0
0.208984 -1.12915 1 -2.23438 120 0.0107538 137.863
0.0356445 0.683105 1 -2.51074 117 0.0206088 55.6797
0.319336 -0.909912 1 -2.13525 126 0.0133156 130.918
-0.348145 1.09375 1 -2.9541 79 0.0124354 44.0717
-1 -0.440125 0 -1.02118 73 0.0127407 113.755
-0.143799 -2.24341 1 -2.65942 186 0.00890231 155.756
-0.0649414 -2.8158 1 -2.56689 152 0.00601937 160.41
-0.106201 -3.00647 1 -2.59766 169 0.00448504 161.506
0.211792 0.0454102 1 -2.40649 151 0.0229973 87.4563
-0.0473633 -1.51196 1 -2.55896 173 0.0113615 146.49
-0.0211182 2.95825 1 -2.57013 158 0.00804861 18.6811
0.16394 -2.84858 1 -2.48825 180 0.00754008 160.418
0.271851 -2.27344 1 -2.47571 162 0.00884392 155.495
-0.263367 -0.479004 1 -2.5866 175 0.023418 114.854
-0.0155029 1.48209 1 -2.54068 158 0.0160221 34.0117
0.106873 1.69739 1 -2.55124 146 0.0120292 30.6466
0.0309448 1.14258 1 -2.54913 148 0.016645 41.2064
-0.0187988 -0.378052 1 -2.54576 131 0.0211517 110.706
-0.150879 2.89819 1 -2.48087 149 0.00774583 19.2363
0.0834961 3.03979 1 -2.5694 134 0.00722848 18.2688
0.05896 -1.35428 1 -2.59161 168 0.0108334 143.51
-0.0610352 -2.03027 1 -2.51721 143 0.00900178 153.735
-0.212402 -1.94043 1 -2.40259 149 0.00929835 152.218
0.0825195 -1.29541 1 -2.62793 150 0.0133597 142.239
-0.0876465 -0.688477 1 -2.46729 150 0.0186389 124.444
0.0366211 -0.956055 1 -2.58423 164 0.0126199 133.694
-0.0854492 3.2041 1 -2.46533 119 0.00616868 17.3925
0.131348 0.375 1 -2.71289 140 0.0200658 69.6045
-0.0610352 -0.332031 1 -2.45996 140 0.0229321 108.336
0 1 0 -0.00840628 2 0.0020087 0
-1 -0.912537 0 -1.40447 63 0.00778495 132.382
-0.0268555 -1.77759 1 -2.67578 149 0.00947466 150.631
0 1 0 -0.00272667 11 0.00309331 0
-0.0844727 -2.97559 1 -2.73877 144 0.00518371 161.363
0.27124 -0.990234 1 -2.36475 127 0.0143811 133.702
0.142822 4.81982 1 -2.56152 108 0.00394455 11.8368
-0.130127 4.52295 1 -2.80811 124 0.00495582 12.569
0.0344238 5.60693 1 -2.68909 136 0.00441614 10.1183
-0.0693359 2.0625 1 -2.70667 121 0.00972711 25.9203
0.146118 0.802734 1 -2.57043 142 0.018877 51.5399
0.0404053 1.52783 1 -2.63855 148 0.0145116 33.2271
0.0487061 2.24731 1 -2.64011 148 0.0106571 24.0131
-0.00299072 1.9657 1 -2.65186 146 0.0119072 26.9637
0.0753479 -0.192078 1 -2.63518 155 0.0250142 100.843
0.249893 0.553909 1 -2.63853 141 0.0233401 61.7471
-0.215332 0.350586 1 -2.63329 151 0.0251812 71.0819
0.067627 1.2644 1 -2.65518 150 0.0163412 38.4036
-0.386719 -2.57617 1 -2.53043 167 0.00930027 157.404
-0.0611572 4.00183 1 -2.60638 142 0.00605318 14.0552
0.146362 4.02051 1 -2.68549 140 0.00614781 14.1103
-0.135498 0.849365 1 -2.57178 134 0.0175573 49.9136
0.259521 1.30078 1 -2.81445 110 0.0147069 38.4579
0.105469 3.4187 1 -2.70813 102 0.00573467 16.3903
-0.107178 0.260498 1 -2.55444 136 0.0235341 75.4787
-0.0925293 -0.885742 1 -2.56763 143 0.0140463 131.411
-0.0751953 0.84668 1 -2.57275 123 0.0156197 49.8257
-0 -2.01611 1 -2.64502 184 0.00906395 153.618
-0.205078 -2.92773 1 -2.39062 138 0.00652747 160.778
0.00976562 -1.81055 1 -2.65039 104 0.00905941 151.086
0 1 0 -0.00147548 5 0.00226142 0
-1 0.00817871 0 -1.45147 62 0.0112067 89.5314
0 1 0 -0.0165791 6 0.00375507 0
0.0488281 -1.02441 1 -2.69531 90 0.00736907 135.657
-0.0444336 -0.725464 1 -2.79346 117 0.017101 125.933
0.101562 0.845703 1 -2.64941 126 0.0176741 49.9236
0.291748 -2.19629 1 -2.45435 127 0.00814507 154.625
0.0634766 -1.01074 1 -2.67456 119 0.0128996 135.249
-0.0549316 -0.521973 1 -2.78345 117 0.0156627 117.528
-0.113281 -2.38867 1 -2.80688 140 0.00643493 157.153
-1 2.01186 0 -0.562163 97 0.0104566 26.4298
-0.363159 -1.26538 1 -2.88361 157 0.0154518 139.944
0.00231934 0.762817 1 -2.7453 118 0.0186199 52.6631
0.170349 1.98296 1 -2.70872 117 0.0107406 27.0926
-1 -2.05679 0 -0.141852 96 0.0105348 154.071
0.0336761 2.80878 1 -2.73825 110 0.00769541 19.6074
-0.138245 -0.355957 1 -2.73253 133 0.0244237 109.423
-0.114014 3.85425 1 -2.72395 113 0.00549689 14.6351
-1 1.40311 0 0.247504 98 0.0147317 35.4776
-1 -5.6172 0 0.336022 123 0.00346927 169.906
-0.192261 0.299805 1 -2.65948 133 0.024253 73.5949
-0.163818 0.301758 1 -2.66089 123 0.0232375 73.4171
-0.0541992 -1.01984 1 -2.71008 126 0.0160661 135.521
0.15332 -0.769043 1 -2.86597 123 0.0164419 127.241
-1 1.97269 0 0.864882 95 0.00865899 26.8815
-0.0725098 4.79004 1 -2.63501 103 0.00392953 11.8222
-0.172852 0.0175781 1 -2.56836 135 0.0223143 89.0077
-0.0622559 0.213379 1 -2.67773 112 0.022573 77.9775
-0.220703 -0.763672 1 -2.45898 110 0.0160972 126.713
-1 1.89104 0 1.31413 27 0.00683164 27.8703
-1 -1.75173 0 1.44313 57 0.00727993 150.28
0 1 0 -0.0223679 2 7.37309e-05 0
0 1 0 -0.0194418 3 0.00499519 0
-1 -3.17154 0 -1.20109 45 0.00598376 162.5
0.012207 1.43848 1 -2.83936 85 0.0101798 34.8083
-0.271484 0.0429688 1 -3.13672 134 0.0203872 87.6254
-1 0.312927 0 -0.947311 100 0.0220265 72.6237
0.365967 -2.7793 1 -2.49976 112 0.00616262 159.036
-0.0654297 -2.60962 1 -2.8573 130 0.00742955 158.992
-0.108154 -2.7085 1 -2.89612 140 0.00729404 159.627
0.0532227 -1.64697 1 -2.79614 178 0.0116386 148.699
-1 -1.64507 0 -0.413322 76 0.00991599 148.705
-1 2.875 0 -0.372619 110 0.00666875 19.179
-0.195435 -0.844849 1 -2.8952 134 0.0194474 129.664
0.265442 -2.97449 1 -2.7837 150 0.00547314 160.821
-0.287781 -1.61035 1 -2.86618 124 0.0105752 147.13
-0.0169678 2.16309 1 -2.85457 114 0.0112419 24.8144
-0.116272 -3.6012 1 -2.81135 152 0.0063399 164.381
-0.078125 1.82642 1 -2.82617 116 0.0135728 28.7751
0.00354004 1.53738 1 -2.84149 123 0.0146451 33.0424
0.0576172 1.22949 1 -2.86475 121 0.0180512 39.1695
0.150879 0.4375 1 -2.9231 98 0.0213818 66.6065
-0.0441895 -1.67236 1 -2.83203 133 0.0130491 149.098
0.00805664 -1.71216 1 -2.88293 122 0.0094793 149.712
0.351318 -3.25781 1 -3.17212 155 0.0064654 161.978
-0.0917969 -1.4397 1 -2.76904 126 0.0126418 145.104
0.28125 -1.67188 1 -3.1582 150 0.0129035 148.146
0.205078 0.963882 1 -3.09668 107 0.0168609 46.643
-0.0429688 -0.274414 1 -2.79688 120 0.022838 105.332
-1 0.780655 0 1.34831 75 0.0176057 52.0224
0 1 0 -0.00406653 6 0.00119366 0
0 0 0 0 0 0 0
0 0 0 0 0 0 0
0 0 0 0 0 0 0
0 1 0 -0.0126227 7 0.00465052 0
-0.138428 -0.73291 1 -3.08057 126 0.0177874 125.979
0.105225 -1.71753 1 -2.82227 117 0.0096212 149.653
-0.187988 -2.69141 1 -3.06323 121 0.00667956 159.29
-0.177246 -1.25146 1 -3.06714 88 0.0133029 140.94
0.157715 -0.767578 1 -2.83643 90 0.0175724 127.17
-1 -2.3754 0 -0.512032 48 0.0057917 157.17
-1 0.0537415 0 -0.4277 61 0.0132015 86.9238
0.0906982 -1.39592 1 -2.89972 116 0.0090331 144.272
-0.048645 -2.3187 1 -2.93051 107 0.00636743 156.646
-0.0480347 -1.92676 1 -2.93436 102 0.00727232 152.543
-0.0405121 -1.03256 1 -2.95097 92 0.0134632 135.894
-0.104279 -0.783691 1 -2.92921 99 0.0174571 127.935
-1 -2.49263 0 0.156924 62 0.0100963 158.14
-0.136597 -1.59546 1 -2.91248 108 0.0106758 147.683
-1 2.65249 0 0.368583 80 0.00672982 20.6566
-1 -3.16496 0 0.438463 86 0.00360456 162.466
-1 2.41275 0 0.569935 71 0.0064468 22.5123
-1 -3.06387 0 0.65673 53 0.00254099 161.924
-1 -0.970612 0 0.744758 54 0.0111822 134.146
-1 -0.403046 0 0.857106 81 0.0200995 111.952
0.228027 -0.211914 1 -3.16309 94 0.0176331 101.674
-0.118652 0.708984 1 -2.82617 84 0.0160474 54.8527
-0.0766602 -0.505859 1 -2.86279 106 0.0149334 116.765
0.0307617 -1.41693 1 -2.98828 93 0.0109515 144.775
-1 1.43256 0 1.32633 46 0.00918385 34.9171
-1 -3.40808 0 1.43989 22 0.0018913 163.647
