0 0 0 0 0 0 0
0 0 0 0 0 0 0
0 0 0 0 0 0 0
0 0 0 0 0 0 0
0 0 0 0 0 0 0
0 0 0 0 0 0 0
0 0 0 0 0 0 0
0 0 0 0 0 0 0
0 0 0 0 0 0 0
0 0 0 0 0 0 0
0 0 0 0 0 0 0
0 0 0 0 0 0 0
0 0 0 0 0 0 0
0 0 0 0 0 0 0
0 0 0 0 0 0 0
0 0 0 0 0 0 0
0 0 0 0 0 0 0
0 0 0 0 0 0 0
0 0 0 0 0 0 0
0 0 0 0 0 0 0
0 0 0 0 0 0 0
0 0 0 0 0 0 0
0 0 0 0 0 0 0
0 0 0 0 0 0 0
0 0 0 0 0 0 0
0 0 0 0 0 0 0
0 0 0 0 0 0 0
0 0 0 0 0 0 0
0 0 0 0 0 0 0
0 0 0 0 0 0 0
0 0 0 0 0 0 0
0 0 0 0 0 0 0
0 0 0 0 0 0 0
0 0 0 0 0 0 0
0 0 0 0 0 0 0
0 0 0 0 0 0 0
0 0 0 0 0 0 0
0 0 0 0 0 0 0
0 0 0 0 0 0 0
0 0 0 0 0 0 0
0 0 0 0 0 0 0
0 0 0 0 0 0 0
0 0 0 0 0 0 0
0 0 0 0 0 0 0
0 0 0 0 0 0 0
0 0 0 0 0 0 0
0 0 0 0 0 0 0
0 0 0 0 0 0 0
0 0 0 0 0 0 0
0 0 0 0 0 0 0
0 0 0 0 0 0 0
0 0 0 0 0 0 0
0 0 0 0 0 0 0
0 0 0 0 0 0 0
0 0 0 0 0 0 0
0 0 0 0 0 0 0
0 0 0 0 0 0 0
0 0 0 0 0 0 0
0 0 0 0 0 0 0
0 0 0 0 0 0 0
0 0 0 0 0 0 0
0 0 0 0 0 0 0
0 0 0 0 0 0 0
0 0 0 0 0 0 0
0 0 0 0 0 0 0
0 0 0 0 0 0 0
0 0 0 0 0 0 0
0 0 0 0 0 0 0
0 0 0 0 0 0 0
0 0 0 0 0 0 0
0 0 0 0 0 0 0
0 0 0 0 0 0 0
0 0 0 0 0 0 0
0 0 0 0 0 0 0
0 0 0 0 0 0 0
0 0 0 0 0 0 0
0 0 0 0 0 0 0
0 0 0 0 0 0 0
0 0 0 0 0 0 0
0 0 0 0 0 0 0
0 0 0 0 0 0 0
0 0 0 0 0 0 0
0 0 0 0 0 0 0
0 0 0 0 0 0 0
0 0 0 0 0 0 0
0 0 0 0 0 0 0
0 0 0 0 0 0 0
0 0 0 0 0 0 0
0 0 0 0 0 0 0
0 0 0 0 0 0 0
0 0 0 0 0 0 0
0 0 0 0 0 0 0
0 0 0 0 0 0 0
0 0 0 0 0 0 0
0 0 0 0 0 0 0
0 0 0 0 0 0 0
0 0 0 0 0 0 0
0 0 0 0 0 0 0
0 0 0 0 0 0 0
0 0 0 0 0 0 0
0 0 0 0 0 0 0
0 0 0 0 0 0 0
0 0 0 0 0 0 0
0 0 0 0 0 0 0
0 0 0 0 0 0 0
0 0 0 0 0 0 0
0 0 0 0 0 0 0
0 0 0 0 0 0 0
0 0 0 0 0 0 0
0 0 0 0 0 0 0
0 0 0 0 0 0 0
0 0 0 0 0 0 0
0 0 0 0 0 0 0
0 0 0 0 0 0 0
0 0 0 0 0 0 0
0 0 0 0 0 0 0
0 0 0 0 0 0 0
0 0 0 0 0 0 0
0 0 0 0 0 0 0
0 0 0 0 0 0 0
0 0 0 0 0 0 0
0 0 0 0 0 0 0
0 0 0 0 0 0 0
0 0 0 0 0 0 0
0 0 0 0 0 0 0
0 0 0 0 0 0 0
0 0 0 0 0 0 0
0 0 0 0 0 0 0
0 0 0 0 0 0 0
0 0 0 0 0 0 0
0 0 0 0 0 0 0
0 0 0 0 0 0 0
0 0 0 0 0 0 0
0 0 0 0 0 0 0
0 0 0 0 0 0 0
0 0 0 0 0 0 0
0 0 0 0 0 0 0
0 0 0 0 0 0 0
0 0 0 0 0 0 0
0 0 0 0 0 0 0
0 0 0 0 0 0 0
0 0 0 0 0 0 0
0 0 0 0 0 0 0
0 0 0 0 0 0 0
0 0 0 0 0 0 0
0 0 0 0 0 0 0
0 0 0 0 0 0 0
0 0 0 0 0 0 0
0 0 0 0 0 0 0
0 0 0 0 0 0 0
0 0 0 0 0 0 0
0 0 0 0 0 0 0
0 0 0 0 0 0 0
0 0 0 0 0 0 0
0 0 0 0 0 0 0
0 0 0 0 0 0 0
0 0 0 0 0 0 0
0 0 0 0 0 0 0
0 0 0 0 0 0 0
0 0 0 0 0 0 0
0 0 0 0 0 0 0
0 0 0 0 0 0 0
0 0 0 0 0 0 0
0 0 0 0 0 0 0
0 0 0 0 0 0 0
0 0 0 0 0 0 0
0 0 0 0 0 0 0
0 0 0 0 0 0 0
0 0 0 0 0 0 0
0 0 0 0 0 0 0
0 0 0 0 0 0 0
0 0 0 0 0 0 0
0 0 0 0 0 0 0
0 0 0 0 0 0 0
0 0 0 0 0 0 0
0 0 0 0 0 0 0
0 0 0 0 0 0 0
0 0 0 0 0 0 0
0 0 0 0 0 0 0
0 0 0 0 0 0 0
0 0 0 0 0 0 0
0 0 0 0 0 0 0
0 0 0 0 0 0 0
0 0 0 0 0 0 0
0 0 0 0 0 0 0
0 0 0 0 0 0 0
0 0 0 0 0 0 0
0 0 0 0 0 0 0
0 0 0 0 0 0 0
0 1 0 0.00406305 51 0.00115043 0
-0.0193787 0.852783 1 -0.705231 226 0.00182262 49.5483
0.0126648 0.700806 1 -0.691956 336 0.00257176 54.9792
0.00834656 1.20093 1 -0.693886 310 0.00183948 39.7848
0.0129089 1.31879 1 -0.694883 391 0.00211457 37.1744
0.00251007 0.190857 1 -0.693488 392 0.00353586 79.1947
0.0102615 0.364594 1 -0.693327 405 0.00345914 69.9694
0.0292511 -0.738159 1 -0.694643 455 0.00301443 126.422
-0.00411987 0.954285 1 -0.693138 570 0.003726 46.3403
0.0298767 -0.234131 1 -0.698334 669 0.00560755 103.172
0.00671387 0.179321 1 -0.692078 700 0.00620338 79.8339
-0.34668 1.17188 1 -0.526855 379 0.00525759 42.087
0 0 0 0 0 0 0
0 0 0 0 0 0 0
0 0 0 0 0 0 0
0 0 0 0 0 0 0
0 0 0 0 0 0 0
0 0 0 0 0 0 0
0 0 0 0 0 0 0
0 0 0 0 0 0 0
0 0 0 0 0 0 0
0 0 0 0 0 0 0
0 0 0 0 0 0 0
0 0 0 0 0 0 0
0 0 0 0 0 0 0
0 0 0 0 0 0 0
0 0 0 0 0 0 0
0 0 0 0 0 0 0
0 0 0 0 0 0 0
0 1 0 0.00185277 35 0.0019286 0
0.53894 -5.27563 1 -0.46344 2100 0.00334263 167.848
-0.0327148 1.55444 1 -0.76297 2283 0.013165 32.7678
0.00582886 5.33395 1 -0.75219 2261 0.00426376 10.6186
0.0704346 -2.09863 1 -0.727951 2344 0.0105044 154.467
-0.0292816 -6.46439 1 -0.738741 2338 0.00342633 171.203
7.24792e-05 2.45792 1 -0.751355 2289 0.00933075 22.1389
0.00577545 0.500916 1 -0.748681 2359 0.0222885 63.3934
-0.0296478 5.41959 1 -0.744783 2318 0.0042798 10.4589
-0.172424 8.31412 1 -0.732517 2331 0.00246164 6.95866
-0.192749 5.72284 1 -0.715057 2332 0.00373195 10.0904
0.0149841 -4.45154 1 -0.714478 2441 0.00498666 167.338
-0.49762 4.88928 1 -0.535919 1679 0.00415558 12.8686
0 0 0 0 0 0 0
0 0 0 0 0 0 0
0 0 0 0 0 0 0
0 0 0 0 0 0 0
0 0 0 0 0 0 0
0 0 0 0 0 0 0
0 0 0 0 0 0 0
0 0 0 0 0 0 0
0 0 0 0 0 0 0
0 0 0 0 0 0 0
0 0 0 0 0 0 0
0 0 0 0 0 0 0
0 0 0 0 0 0 0
0 0 0 0 0 0 0
0 0 0 0 0 0 0
0 0 0 0 0 0 0
0 0 0 0 0 0 0
0.829834 -5.25082 1 -0.336914 656 0.00312298 166.1
0.0132446 0.605957 1 -0.841949 1841 0.0212031 58.7882
0.0471802 -0.511475 1 -0.826401 1847 0.0224264 117.063
0.00192261 -0.498047 1 -0.845413 1830 0.0223364 116.475
0.110718 -3.22876 1 -0.811745 1851 0.0070829 162.693
-0.041275 -0.937744 1 -0.851587 1860 0.0182517 133.135
0.073494 -6.34094 1 -0.83595 1821 0.00335802 171.014
-0.0659485 -1.78174 1 -0.841353 1840 0.0120798 150.644
0.00134277 -1.98194 1 -0.850021 1840 0.0108346 153.226
-0.0820007 3.42639 1 -0.830994 1839 0.00680268 16.3217
-0.173218 6.00415 1 -0.802719 1856 0.00382481 9.59411
-0.370728 5.49927 1 -0.725525 1834 0.00384211 10.9755
0.00396729 2.16577 1 -0.872101 1870 0.0104199 24.7843
-1.06738 -1.6626 1 -0.195312 417 0.00747474 138.661
0 0 0 0 0 0 0
0 0 0 0 0 0 0
0 0 0 0 0 0 0
0 0 0 0 0 0 0
0 0 0 0 0 0 0
0 0 0 0 0 0 0
0 0 0 0 0 0 0
0 0 0 0 0 0 0
0 0 0 0 0 0 0
0 0 0 0 0 0 0
0 0 0 0 0 0 0
0 0 0 0 0 0 0
0 0 0 0 0 0 0
0 0 0 0 0 0 0
0 0 0 0 0 0 0
0 1 0 -0.00232263 6 0.000846395 0
0.221802 -0.741699 1 -0.808777 1235 0.0180801 125.908
0.0122681 0.622559 1 -0.941986 1461 0.0209875 58.0973
0.0440063 -6.19891 1 -0.922897 1465 0.00356868 170.827
0.000640869 0.177979 1 -0.947205 1474 0.0245049 79.9083
-0.175415 3.32446 1 -1.00052 1457 0.00695234 16.9823
0.0202332 3.5694 1 -0.95508 1455 0.00648475 15.6538
-0.00709534 -0.692932 1 -0.946313 1409 0.0196445 124.719
0.0185738 -2.58081 1 -0.939335 1486 0.00856207 158.817
-0.0552673 -2.08997 1 -0.936611 1495 0.0107344 154.396
0.0585632 -3.14423 1 -0.960564 1499 0.0070564 162.329
0.00488281 4.33246 1 -0.953186 1450 0.00533577 12.9973
-0.437866 5.58691 1 -0.774109 1521 0.00398985 11.0561
-0.116699 3.95728 1 -0.924347 1534 0.00579348 14.274
-0.399048 -3.73218 1 -0.661438 1066 0.005504 163.908
0 0 0 0 0 0 0
0 0 0 0 0 0 0
0 0 0 0 0 0 0
0 0 0 0 0 0 0
0 0 0 0 0 0 0
0 0 0 0 0 0 0
0 0 0 0 0 0 0
0 0 0 0 0 0 0
0 0 0 0 0 0 0
0 0 0 0 0 0 0
0 0 0 0 0 0 0
0 0 0 0 0 0 0
0 0 0 0 0 0 0
0 0 0 0 0 0 0
0 0 0 0 0 0 0
1.1084 1.82227 1 -0.274658 362 0.00782019 39.3249
-0.152832 -2.31348 1 -1.14355 1238 0.00962988 156.382
0.0581665 -0.556152 1 -1.01501 1138 0.021067 119.04
-0.0126953 0.49649 1 -1.05344 1180 0.0219465 63.5979
0.0210571 0.761292 1 -1.03963 1190 0.0195756 52.7244
-0.0857239 4.03516 1 -1.0778 1183 0.00586465 13.9678
0.00363159 1.58427 1 -1.05059 1216 0.0133963 32.2605
0.0144806 -1.48547 1 -1.0429 1211 0.0140881 146.049
0.00266266 0.538574 1 -1.04752 1231 0.0224424 61.6943
-0.00437927 0.894165 1 -1.0471 1221 0.0187584 48.1983
0.0287476 -1.00293 1 -1.05434 1214 0.0173679 135.072
0.00881958 -1.29492 1 -1.0507 1210 0.0154206 142.322
-0.114197 4.54736 1 -1.00165 1186 0.00499523 12.4805
-0.344482 5.53442 1 -0.901886 1192 0.00365653 10.8192
-0.0251465 1.13489 1 -1.04443 1221 0.0163451 41.3937
-1.33154 -3.72021 1 -0.0805664 245 0.00288933 155.886
0 0 0 0 0 0 0
0 0 0 0 0 0 0
0 0 0 0 0 0 0
0 0 0 0 0 0 0
0 0 0 0 0 0 0
0 0 0 0 0 0 0
0 0 0 0 0 0 0
0 0 0 0 0 0 0
0 0 0 0 0 0 0
0 0 0 0 0 0 0
0 0 0 0 0 0 0
0 0 0 0 0 0 0
0 0 0 0 0 0 0
0 0 0 0 0 0 0
0.425415 2.60352 1 -0.846924 800 0.00831426 22.656
0.0332642 2.33667 1 -1.12805 995 0.00966375 23.1804
0.194397 -5.09277 1 -1.03418 1027 0.00452367 168.688
0.027771 2.63281 1 -1.13602 984 0.00877629 20.8052
0.0646973 3.72412 1 -1.12183 982 0.00626432 15.0605
0.0202942 1.65417 1 -1.14544 967 0.0127684 31.1595
-0.108917 -4.9514 1 -1.14859 1010 0.00445243 168.516
-0.0137711 -0.211975 1 -1.14965 977 0.0245718 101.967
0.0195236 4.1394 1 -1.15906 998 0.00578152 13.5838
0.0112152 0.607796 1 -1.15172 1043 0.0222473 58.7105
-0.0529175 2.80548 1 -1.14061 1009 0.00845234 19.6437
-0.085022 -4.82202 1 -1.11548 1028 0.00469937 168.243
0.0527344 4.97485 1 -1.16812 986 0.00465623 11.381
-0.597412 6.12402 1 -0.838196 1003 0.00329667 10.7697
-0.15332 3.92139 1 -1.08258 1000 0.00572029 14.4664
-0.379761 1.15674 1 -0.888916 674 0.0145029 42.7608
0 0 0 0 0 0 0
0 0 0 0 0 0 0
0 0 0 0 0 0 0
0 0 0 0 0 0 0
0 0 0 0 0 0 0
0 0 0 0 0 0 0
0 0 0 0 0 0 0
0 0 0 0 0 0 0
0 0 0 0 0 0 0
0 0 0 0 0 0 0
0 0 0 0 0 0 0
0 0 0 0 0 0 0
0 0 0 0 0 0 0
-1 -0.523071 0 -0.813371 211 0.00930263 117.613
0.190552 3.52246 1 -1.1145 804 0.00639476 16.1193
0.012207 -3.33228 1 -1.24066 794 0.00646728 163.295
-0.00787354 -0.716782 1 -1.25058 855 0.021449 125.631
0.0160522 3.11865 1 -1.24115 840 0.00749966 17.7807
-0.0428467 2.13818 1 -1.26007 837 0.0107163 25.085
0.0228882 0.708008 1 -1.24368 851 0.0213629 54.7083
0.0379791 -1.85461 1 -1.23765 829 0.0117921 151.649
-0.0444412 -3.83344 1 -1.24157 791 0.00558663 165.366
-0.0430984 -2.29138 1 -1.24298 859 0.0102139 156.403
-0.0668182 2.66534 1 -1.24413 803 0.00848448 20.6074
0.0782776 -3.80655 1 -1.25758 842 0.00577616 165.238
-0.299622 -4.48193 1 -1.13309 834 0.00510429 166.889
-0.0440674 -2.18384 1 -1.23102 820 0.0101377 155.375
-0.0842285 1.0625 1 -1.20264 837 0.0163775 43.3654
-0.0948486 3.11475 1 -1.20624 826 0.00710141 17.8742
-0.159302 3.52832 1 -1.16687 824 0.00629928 16.0132
-1 -1.32959 0 0.82859 142 0.00477085 143.053
0 0 0 0 0 0 0
0 0 0 0 0 0 0
0 0 0 0 0 0 0
0 0 0 0 0 0 0
0 0 0 0 0 0 0
0 0 0 0 0 0 0
0 0 0 0 0 0 0
0 0 0 0 0 0 0
0 0 0 0 0 0 0
0 0 0 0 0 0 0
0 0 0 0 0 0 0
0 0 0 0 0 0 0
0.57251 4.20215 1 -0.889648 505 0.00503236 15.3344
0.121338 3.33643 1 -1.25439 685 0.00673984 16.8001
0.212158 -4.56543 1 -1.20154 686 0.00456348 167.379
0.0509644 1.35327 1 -1.32452 676 0.0144169 36.4981
-0.0223389 3.00195 1 -1.35681 702 0.00774396 18.428
-0.0342407 -2.37292 1 -1.36601 702 0.00931963 157.136
0.0753784 -1.37646 1 -1.32477 682 0.0139979 143.924
-0.014801 3.29785 1 -1.36194 680 0.00701083 16.8705
-0.0639114 -0.712036 1 -1.34754 684 0.0200488 125.397
-0.00337219 -0.525635 1 -1.34615 672 0.0208968 117.728
0.0328979 -3.20575 1 -1.35038 704 0.00708922 162.666
0.0283508 -1.12792 1 -1.35437 701 0.0162348 138.429
-0.168091 -4.47266 1 -1.272 727 0.00505135 167.226
-0.17334 -3.70312 1 -1.26807 695 0.0060352 164.673
0.03479 0.52356 1 -1.36627 698 0.0220661 62.3795
-0.272095 4.78418 1 -1.18591 701 0.00433346 12.2227
-0.270508 2.54102 1 -1.16724 703 0.00862873 22.1801
-0.401855 1.10156 1 -1.02954 442 0.0144014 44.3733
0 0 0 0 0 0 0
0 0 0 0 0 0 0
0 0 0 0 0 0 0
0 0 0 0 0 0 0
0 0 0 0 0 0 0
0 0 0 0 0 0 0
0 0 0 0 0 0 0
0 0 0 0 0 0 0
0 0 0 0 0 0 0
0 0 0 0 0 0 0
0 0 0 0 0 0 0
-1 -1.67664 0 -0.900775 131 0.00442071 149.187
-0.111572 -0.0810547 1 -1.54175 634 0.0226933 94.6055
-0.0136719 1.00189 1 -1.45569 609 0.0183712 44.9485
-0.0588379 -2.52344 1 -1.48566 623 0.00910136 158.348
0.0741577 -1.63232 1 -1.40833 606 0.0131127 148.437
-0.0147705 0.655762 1 -1.45428 604 0.021299 56.7475
-0.00994873 0.996582 1 -1.45187 583 0.0177834 45.0995
0.0235596 3.13263 1 -1.45162 581 0.00737094 17.7088
0.000640869 2.91589 1 -1.45649 598 0.00792639 18.9293
-0.0191269 -2.71722 1 -1.44065 596 0.00838618 159.792
-0.0123291 -0.702515 1 -1.44318 595 0.0205995 125.087
0.00112915 3.01636 1 -1.45426 597 0.00781197 18.3417
-0.0197449 -0.0126953 1 -1.44215 588 0.0247413 90.7272
-0.0368042 -1.54211 1 -1.42804 599 0.0131619 147.02
-0.260132 -5.4873 1 -1.31708 633 0.00428572 169.336
0.00598145 -0.0830078 1 -1.4519 612 0.0260973 94.745
-0.257812 3.78223 1 -1.28381 622 0.0060618 15.2718
-0.206177 2.68457 1 -1.31128 626 0.00840739 20.8235
-0.0169678 1.47095 1 -1.44714 615 0.014545 34.213
-1 -2.19177 0 0.933502 82 0.00257291 155.475
0 0 0 0 0 0 0
0 0 0 0 0 0 0
0 0 0 0 0 0 0
0 0 0 0 0 0 0
0 0 0 0 0 0 0
0 0 0 0 0 0 0
0 0 0 0 0 0 0
0 0 0 0 0 0 0
0 0 0 0 0 0 0
0 0 0 0 0 0 0
0.894043 5.79883 1 -0.755127 307 0.00253139 13.0246
0.0960693 3.51367 1 -1.46899 510 0.00654981 15.9559
0.0498047 -0.338867 1 -1.51074 472 0.023227 108.698
-0.012085 3.20966 1 -1.56348 445 0.00671388 17.3061
-0.00708008 1.10718 1 -1.55316 451 0.0153148 42.089
0.0344238 2.58545 1 -1.52679 473 0.00840644 21.1569
-0.0438843 0.328613 1 -1.56326 467 0.0239502 71.8251
-0.0114746 2.2644 1 -1.55383 476 0.0101361 23.8285
0.0595093 -3.24231 1 -1.53088 510 0.00740281 162.831
-0.0518112 1.44983 1 -1.55466 462 0.014468 34.6314
-0.0723114 -1.23743 1 -1.54361 484 0.0165116 140.984
0.0324402 1.58022 1 -1.5566 486 0.0142669 32.3403
-0.0462952 -0.871429 1 -1.53318 493 0.0197547 131.039
-0.0929565 1.02393 1 -1.52292 483 0.018497 44.4459
-0.0360107 -1.58838 1 -1.53214 461 0.0133742 147.79
-0.157715 -4.21826 1 -1.46509 474 0.00529666 166.505
-0.160889 2.84668 1 -1.44128 472 0.00838553 19.5858
-0.145142 3.49561 1 -1.45508 461 0.00651239 16.123
-0.113525 2.08984 1 -1.47095 458 0.0100171 25.7145
-0.450439 -3.29492 1 -1.0957 298 0.00571353 161.589
0 0 0 0 0 0 0
0 0 0 0 0 0 0
0 0 0 0 0 0 0
0 0 0 0 0 0 0
0 0 0 0 0 0 0
0 0 0 0 0 0 0
0 0 0 0 0 0 0
0 0 0 0 0 0 0
0 0 0 0 0 0 0
-1 -1.57458 0 -0.99786 79 0.00351929 147.581
0.246094 3.77441 1 -1.43237 439 0.00581277 15.2615
0.0228271 3.37991 1 -1.63159 418 0.00661427 16.4857
0.0349121 -0.46875 1 -1.62097 419 0.0217749 115.101
-0.0123291 5.11475 1 -1.66949 441 0.0044592 11.0633
0.131348 3.99023 1 -1.57446 429 0.00562 14.1852
0.0669556 0.593262 1 -1.61691 449 0.0213867 59.3772
0.262939 -2.68994 1 -1.55045 426 0.00726543 158.974
0.0317383 -2.33765 1 -1.63597 454 0.00976331 156.829
0.00970459 1.28796 1 -1.65285 416 0.0147205 37.8278
0.00267029 1.11948 1 -1.65304 416 0.0168016 41.7737
0.0639191 1.67273 1 -1.65751 432 0.0125258 30.9235
-0.0289001 -1.25708 1 -1.64217 442 0.0156926 141.486
0.101929 -3.33643 1 -1.66916 455 0.00708752 163.234
-0.159302 3.21533 1 -1.6062 417 0.00682856 17.4809
-0.158569 -3.57227 1 -1.56439 430 0.0055858 164.176
-0.160645 -1.6543 1 -1.56335 421 0.0120472 148.524
-0.0256348 2.7146 1 -1.62488 455 0.00870659 20.2288
-0.16333 3.04883 1 -1.53369 466 0.00756104 18.3838
-0.0686035 0.685547 1 -1.59302 450 0.0204914 55.6302
0.0395508 0.936508 1 -1.69519 465 0.0190316 46.9002
-1 -0.909912 0 1.02397 68 0.00647918 132.299
0 0 0 0 0 0 0
0 0 0 0 0 0 0
0 0 0 0 0 0 0
0 0 0 0 0 0 0
0 0 0 0 0 0 0
0 0 0 0 0 0 0
0 0 0 0 0 0 0
0 0 0 0 0 0 0
0.63916 3.33301 1 -1.11475 229 0.00564039 19.5997
0.0957031 2.08789 1 -1.66089 389 0.0106903 25.6941
0.192993 6.60059 1 -1.58435 391 0.0031581 8.77143
0.215088 -4.36328 1 -1.57654 408 0.0051225 166.807
-0.0888672 -2.05322 1 -1.79846 393 0.0104196 153.943
-0.0428467 -1.49854 1 -1.77173 386 0.0137481 146.26
-0.0748291 -2.94775 1 -1.78314 394 0.00776668 161.212
-0.036438 -2.87097 1 -1.75595 385 0.00810425 160.784
0.0067749 -0.469482 1 -1.74538 367 0.0222592 115.149
-0.181732 -3.26736 1 -1.76665 382 0.00660926 162.721
0.0899582 -0.937408 1 -1.74518 360 0.0179143 133.034
-0.0842514 -1.17474 1 -1.74016 390 0.0157052 139.494
-0.0619812 -1.85558 1 -1.73621 399 0.0123173 151.633
0.0281372 -2.39679 1 -1.75101 382 0.00919908 157.345
0.0275879 1.0249 1 -1.7623 409 0.0183966 44.3063
0.349121 4.81934 1 -1.92493 396 0.00517711 12.3954
-0.0804443 -1.85791 1 -1.70508 397 0.0112129 151.632
0.0697021 0.411255 1 -1.79565 374 0.0226467 67.6936
-0.51123 5.10547 1 -1.36694 399 0.00438821 12.4063
-0.188843 5.42651 1 -1.60437 352 0.00368775 10.6217
0.16394 -1.35547 1 -1.89551 384 0.012456 143.218
-0.263672 -3.22461 1 -1.45215 243 0.00538819 162.218
0 0 0 0 0 0 0
0 0 0 0 0 0 0
0 0 0 0 0 0 0
0 0 0 0 0 0 0
0 0 0 0 0 0 0
0 0 0 0 0 0 0
0 0 0 0 0 0 0
-1 0.460938 0 -1.11655 43 0.00722051 65.2533
0.215332 4.2998 1 -1.64746 332 0.00538089 13.3819
0.156982 5.14844 1 -1.70508 343 0.00422162 11.1232
0.158447 -2.67188 1 -1.71033 355 0.00821189 159.246
-0.0452881 -0.469727 1 -1.88147 347 0.0223824 115.138
0.0361328 -3.47168 1 -1.81232 348 0.00599304 163.921
-0.146729 -0.72168 1 -1.92957 363 0.0209098 125.528
0.0787354 0.849121 1 -1.81561 339 0.0200291 49.752
0.0150757 2.92407 1 -1.84381 338 0.00804224 18.8821
-0.00201416 -0.946411 1 -1.84686 327 0.0176363 133.423
-0.114441 -1.01624 1 -1.86626 327 0.0166267 135.275
0.10244 1.76282 1 -1.84337 305 0.0117424 29.6936
-0.0754547 -1.08459 1 -1.83742 328 0.0169314 137.243
0.0767517 -1.08087 1 -1.85775 320 0.0156216 137.142
0.0209351 -3.89938 1 -1.84732 338 0.0047487 165.613
-0.0932617 2.95801 1 -1.82135 291 0.0067944 18.754
-0.0460205 -1.22949 1 -1.82245 326 0.0151906 140.847
-0.0440674 -3.61304 1 -1.82349 316 0.00569489 164.515
0.131714 2.77435 1 -1.92206 292 0.00731535 19.9791
-0.103516 1.38379 1 -1.76514 313 0.0129321 35.999
-0.0490723 2.59229 1 -1.80969 353 0.0089509 21.1178
-0.194824 3.45898 1 -1.68652 341 0.00675837 16.4117
-0.212891 4.31665 1 -1.66284 299 0.00466373 13.3251
-1 0.441315 0 1.10585 37 0.00544663 66.1874
0 0 0 0 0 0 0
0 0 0 0 0 0 0
0 0 0 0 0 0 0
0 0 0 0 0 0 0
0 0 0 0 0 0 0
0 0 0 0 0 0 0
-0.0332031 -1.3623 1 -1.96973 152 0.0102114 143.704
-0.0205078 -1.86377 1 -1.96045 356 0.0117346 151.779
-0.246582 -2.88477 1 -2.17798 331 0.00779663 160.352
0.143311 -0.725586 1 -1.82471 279 0.0180008 125.688
-0.0463867 -0.713657 1 -1.97766 280 0.0180584 125.485
0.0273438 1.21777 1 -1.93311 281 0.0145735 39.4023
0.0115967 -0.889771 1 -1.9397 282 0.0159126 131.66
0.13562 -1.35303 1 -1.88998 278 0.0120886 143.283
0.064209 -0.60498 1 -1.92191 292 0.0203425 121.121
0.0471191 -0.642334 1 -1.92738 296 0.0199503 122.685
0.065033 4.19086 1 -1.94531 297 0.00559881 13.448
0.0229111 -1.27684 1 -1.94674 299 0.015503 141.925
0.112907 -4.06586 1 -1.93629 332 0.00538424 166.098
-0.000335693 0.0543213 1 -1.95075 311 0.0265092 86.8907
-0.0545654 2.46692 1 -1.95001 306 0.00977536 22.0955
-0.00579834 -4.50201 1 -1.94043 341 0.00493155 167.476
0.0922852 0.56543 1 -1.99496 298 0.0220384 60.6189
-0.0716553 0.307861 1 -1.90833 291 0.0248549 72.9296
-0.410889 -3.09375 1 -1.69165 302 0.00743377 160.738
-0.0135498 -1.46338 1 -1.94727 308 0.0137163 145.651
-0.189697 1.61621 1 -1.78735 301 0.0126229 32.2013
-0.21167 3.7832 1 -1.76367 307 0.00573423 15.1193
0.0161133 0.451904 1 -1.96582 275 0.0217716 65.6844
-0.621582 1.0136 1 -1.25195 164 0.0134498 49.2766
0 0 0 0 0 0 0
0 0 0 0 0 0 0
0 0 0 0 0 0 0
0 0 0 0 0 0 0
0 0 0 0 0 0 0
0 1 0 -0.0122515 25 0.00228067 0
0.046875 1.84521 1 -2.04395 98 0.00634945 28.4815
-0.521973 0.03125 1 -2.58447 278 0.0181026 88.4131
0.130615 -0.619385 1 -1.92822 259 0.0221776 121.557
0.067749 -1.38379 1 -1.97498 272 0.0132735 144.084
-0.0332031 0.591309 1 -2.07605 271 0.0222245 59.4176
0.00683594 0.147949 1 -2.04187 279 0.0262669 81.5844
-0.0430908 0.0615234 1 -2.07104 296 0.0273911 86.4827
0.280762 -0.513672 1 -1.91901 269 0.0223144 116.315
0.144958 4.24585 1 -2.00482 261 0.00550117 13.3866
-0.0106812 3.50208 1 -2.05312 245 0.00641264 15.9373
0.0429688 4.82547 1 -2.04268 239 0.00430848 11.7184
-0.0990295 1.15143 1 -2.05221 237 0.0157491 41.1123
0.149902 3.41895 1 -2.06865 208 0.00573793 16.4759
-0.0280762 -1.66235 1 -2.03951 233 0.0103237 148.961
0.0224609 1.59644 1 -2.06079 226 0.0115394 32.0693
-0.0712891 -0.326172 1 -2.0238 226 0.0204795 108.022
-0.0446777 1.68066 1 -2.03363 231 0.0116491 30.7779
0.012207 -1.79419 1 -2.05804 250 0.011023 150.865
-0.179565 -2.96094 1 -1.94019 260 0.00692776 161.061
0.0377197 -1.02051 1 -2.08447 260 0.0161948 135.561
-0.142822 -0.0917969 1 -1.92505 266 0.0231101 95.1925
-0.0441895 0.565674 1 -2.01514 269 0.0223906 60.5282
-0.166992 0.769531 1 -1.87769 273 0.0190333 52.8007
-0.095459 -2.71033 1 -1.93115 284 0.00719049 159.663
-1 0.453629 0 1.21085 43 0.00564933 65.5996
0 0 0 0 0 0 0
0 0 0 0 0 0 0
0 0 0 0 0 0 0
0 0 0 0 0 0 0
0.605469 2.04492 1 -1.43555 104 0.00826887 29.7552
-0.03125 1.17871 1 -2.19922 240 0.0142079 40.3245
-1 2.59706 0 -1.06733 39 0.0127849 21.0592
-0.317383 -0.258057 1 -2.45288 240 0.0171437 103.818
-0.083252 0.761108 1 -2.21973 216 0.0178008 52.8202
-0.0499268 -1.80215 1 -2.17102 225 0.0100201 150.944
-0.0794678 -3.80664 1 -2.17151 254 0.00491191 165.237
0.0111084 1.58105 1 -2.14264 209 0.0116835 32.3145
0.0484619 -2.87549 1 -2.1225 243 0.00675064 160.803
0.283447 -2.35889 1 -2.0423 224 0.00824505 156.22
0.0822144 -1.8418 1 -2.12375 255 0.0114798 151.419
0.0634155 0.0507202 1 -2.13375 235 0.0246352 87.1022
0.0284729 0.656189 1 -2.14148 227 0.0208496 56.7382
0.0824738 2.39258 1 -2.15388 244 0.0102908 22.7521
-0.0453186 -0.072998 1 -2.13915 236 0.0269351 94.1708
0.0909424 -2.25507 1 -2.16742 261 0.0103812 155.998
0.166016 3.05176 1 -2.21045 229 0.0078959 18.3747
0.173584 -0.174805 1 -2.22876 254 0.0257763 99.7721
0.0721436 0.673828 1 -2.18823 225 0.0213278 56.0957
-0.0604248 -1.18408 1 -2.10779 239 0.0161334 139.766
-0.0368652 2.85278 1 -2.10107 220 0.00810065 19.3295
-0.141113 1.87598 1 -2.0144 232 0.0113804 28.2952
-0.203125 3.41064 1 -1.96411 209 0.00608277 16.6565
0.108398 -3.58496 1 -2.25586 248 0.0052102 164.327
-0.221191 3.57617 1 -1.91797 229 0.00595891 15.981
-1 -0.0568085 0 1.22658 118 0.0114673 93.2514
0 0 0 0 0 0 0
0 0 0 0 0 0 0
0 0 0 0 0 0 0
0 1 0 -0.0103482 12 0.00213184 0
-0.147461 -0.350586 1 -2.43311 234 0.0241474 109.128
-0.00805664 3.87891 1 -2.28101 184 0.00615509 14.4568
-0.227051 1.70947 1 -2.49805 133 0.0116129 30.9581
-1 0.0928955 0 -0.912474 30 0.0059322 84.6927
-0.213135 -0.992188 1 -2.42261 258 0.0201546 134.139
-0.0352783 2.88916 1 -2.2981 234 0.00909164 19.1028
0.13501 5.56152 1 -2.19604 194 0.00388519 10.2838
-0.377441 -1.68652 1 -2.45654 267 0.0140485 147.635
0.0699463 2.3382 1 -2.22424 214 0.0108037 23.206
-0.159668 2.16748 1 -2.30887 227 0.0116254 25.0424
0.0422363 -0.118042 1 -2.23854 219 0.0251817 96.7262
0.00878906 0.841309 1 -2.24468 233 0.021372 49.9269
0.0298157 0.989349 1 -2.24628 213 0.0186925 45.3195
0.0268402 0.723389 1 -2.25182 197 0.0188027 54.1282
-0.00570679 -2.20752 1 -2.24597 198 0.00815125 155.629
0.0610352 -1.74487 1 -2.2621 196 0.00878545 150.137
0.102661 1.06787 1 -2.28293 192 0.0163965 43.27
-0.180176 4.29932 1 -2.16095 169 0.00418358 13.2973
-0.179077 -2.63037 1 -2.14612 193 0.0070346 158.882
0.113647 -3.64844 1 -2.33252 211 0.00472148 164.578
-0.175537 -1.09229 1 -2.11877 186 0.0131572 137.092
0.211182 -0.769531 1 -2.42847 219 0.0162368 126.977
-0.206299 1.13086 1 -2.04565 191 0.0145902 42.079
-0.227051 4.62402 1 -2.02148 176 0.00400116 12.5039
0.0290527 1.33984 1 -2.29028 194 0.0141523 36.7476
-0.243896 -0.184814 1 -1.96533 173 0.0197422 100.179
0 1 0 -0.00868025 20 0.00279206 0
0 0 0 0 0 0 0
0 0 0 0 0 0 0
-1 -0.216553 0 -1.32731 108 0.0136837 102.219
0.135498 2.53754 1 -2.20898 173 0.0078509 21.6869
-0.0964355 -1.0127 1 -2.45752 211 0.0200641 135.229
-0.257568 -2.70703 1 -2.61548 249 0.00764273 159.12
-1 2.22478 0 -0.988381 80 0.00627079 24.2031
0.159424 2.27417 1 -2.23975 180 0.00947356 24.0022
0.0435791 -1.29614 1 -2.30884 190 0.0125502 142.323
-0.0388184 -2.15306 1 -2.36182 195 0.00976262 155.071
0.0012207 1.10938 1 -2.35834 181 0.016327 42.0318
-0.078125 -1.01318 1 -2.37848 194 0.0162786 135.288
-0.113708 -0.942383 1 -2.38992 191 0.0168471 133.117
-0.1073 4.99438 1 -2.39035 175 0.00445542 11.3856
0.0835266 2.91113 1 -2.33866 176 0.00776661 19.0193
0.0505524 3.25659 1 -2.33991 155 0.00647785 17.0907
0.0723572 3.78949 1 -2.35144 185 0.00617519 14.8196
0.134064 1.65198 1 -2.36456 181 0.0124989 31.4145
-0.2276 4.82544 1 -2.29211 159 0.00397575 11.9988
0.0999756 0.00537109 1 -2.38007 173 0.0235087 89.6938
0.128906 -0.465332 1 -2.40045 206 0.0227857 114.774
-0.034668 -0.286133 1 -2.31696 190 0.0240033 105.958
0.00878906 5.55603 1 -2.34155 155 0.00338647 10.2035
-0.202393 -1.94824 1 -2.20068 195 0.0104534 152.359
-0.0568848 1.70117 1 -2.28479 188 0.0130372 30.4887
-0.393555 2.03906 1 -1.96021 188 0.0110795 27.7908
0.121582 -0.151367 1 -2.47778 223 0.0267296 98.5454
-0.138428 -2.43018 1 -2.17432 207 0.00936471 157.441
-0.105957 -0.000244141 1 -2.22778 162 0.0265821 90.0139
-1 0.491791 0 1.31626 105 0.00906771 63.8125
0 0 0 0 0 0 0
0 1 0 -0.0191546 11 0.00451643 0
0.230469 -1.27148 1 -2.12451 133 0.0103603 141.093
0.137695 -0.482849 1 -2.26855 152 0.019856 115.563
-0.148926 1.31006 1 -2.62646 142 0.0131353 37.6589
0.69043 -0.990234 1 -1.69482 88 0.00917328 129.176
-1 -0.00164795 0 -0.935812 85 0.0208409 90.0944
-0.0349121 -1.45972 1 -2.46826 148 0.0106942 145.57
0.0625 0.0722656 1 -2.40295 145 0.020629 85.8747
0.162354 1.46875 1 -2.34912 150 0.0117241 34.5966
0.0494385 -0.814941 1 -2.41443 142 0.0159028 129.144
-0.0169678 -0.845459 1 -2.44159 158 0.0148634 130.209
0.280273 3.68555 1 -2.35608 136 0.00509879 15.7371
0.0782471 -1.53418 1 -2.42299 157 0.0110341 146.823
0.00439453 -0.476257 1 -2.44299 152 0.0186563 115.466
-0.0739441 -2.207 1 -2.45296 150 0.00793005 155.566
0.0770569 1.01929 1 -2.4521 185 0.0193369 44.5375
-0.0512695 0.235352 1 -2.43821 171 0.0252354 76.7731
0.201172 3.58154 1 -2.48982 170 0.0068407 15.8971
0.090332 5.01944 1 -2.46439 140 0.003827 11.3119
-0.0593262 3.6451 1 -2.40936 169 0.00626326 15.3669
0.0915527 1.72168 1 -2.49707 178 0.0141705 30.2532
-0.0167236 -4.97583 1 -2.44971 199 0.00436648 168.635
-0.116211 -0.54248 1 -2.36633 197 0.026774 118.318
0.0703125 0.770996 1 -2.5 184 0.0208943 52.4362
-0.041748 -1.31287 1 -2.40845 217 0.0173142 142.68
-0.221191 -0.914307 1 -2.20972 169 0.015915 131.756
0.11084 -0.299316 1 -2.57568 184 0.020879 106.567
-0.0273438 1.02148 1 -2.42383 162 0.0164252 44.4018
-1 -3.12024 0 1.3749 97 0.0057603 162.23
0 1 0 -0.0030144 1 0 0
-1 -0.363831 0 -1.41034 88 0.00757284 109.993
-0.686523 -1.3667 1 -3.45459 106 0.0111572 138.41
-0.0341797 -1.69531 1 -2.57324 149 0.0107491 149.451
-1 -2.73693 0 -1.14509 58 0.00893483 159.929
0.497803 -0.0144043 1 -2.04346 77 0.0153229 90.7388
-0.180664 -1.64502 1 -2.70142 176 0.0109928 148.295
-0.14502 -1.75684 1 -2.64771 162 0.0104488 150.094
-0.0637207 -3.27164 1 -2.56079 171 0.00491236 162.971
0.25293 -1.56982 1 -2.3667 175 0.0104589 146.692
0.283936 -0.912109 1 -2.38037 169 0.0170945 131.265
-0.205811 -0.188965 1 -2.63074 167 0.0209501 100.486
0.30957 -2.69592 1 -2.42688 177 0.00687243 158.779
-0.0310669 1.13954 1 -2.55623 154 0.0174039 41.2821
-0.119324 0.349976 1 -2.56335 175 0.0261944 70.8371
0.0654144 -0.362162 1 -2.54781 158 0.0256224 109.869
0.0753784 1.04175 1 -2.54961 140 0.0164271 43.9097
-0.118958 1.32695 1 -2.52643 144 0.0146893 37.1956
0.130859 2.49316 1 -2.56923 139 0.00870609 22.0241
0.0900879 0.363892 1 -2.56973 160 0.0232419 70.0783
-0.0240479 2.27472 1 -2.52277 135 0.00963452 23.7371
0.104736 -1.19897 1 -2.61194 159 0.0135264 140.017
0.226562 2.64868 1 -2.69055 117 0.00729461 21.1622
-0.0979004 2.37012 1 -2.46338 110 0.00787246 22.9739
-0.14917 -2.97852 1 -2.43994 166 0.00573988 161.25
0.0500488 0.759766 1 -2.59155 107 0.0164068 52.8082
0.0244141 -0.765625 1 -2.58252 152 0.0163068 127.43
-0.231445 2.62305 1 -2.29883 135 0.00739871 21.3711
-1 -2.56149 0 1.25823 100 0.00597395 158.674
-0.333496 -0.670654 1 -2.08496 137 0.0157002 122.465
-1 -0.0224609 0 1.41435 43 0.00941803 91.2867
-1 1.49512 0 -1.48169 59 0.0142413 33.7763
0.271484 -1.15381 1 -2.26953 92 0.0123542 138.074
-1 -2.37778 0 -1.22664 37 0.00439211 157.19
0.215332 -1.85034 1 -2.40576 145 0.00875286 151.065
0.363525 -0.816406 1 -2.26489 124 0.0152018 127.498
0.178955 3.40234 1 -2.50586 117 0.00630042 16.6248
-0.00732422 -0.772827 1 -2.64087 140 0.0174776 127.697
0.0664062 2.58691 1 -2.62683 135 0.00910739 21.177
-0.041748 0.89209 1 -2.6803 142 0.0169145 48.289
0.00280762 1.63086 1 -2.65564 126 0.012875 31.5156
0.067627 2.53125 1 -2.6322 149 0.00969246 21.6018
0.0581055 2.63274 1 -2.64014 144 0.00940473 20.8305
0.0322876 3.3042 1 -2.64922 148 0.00761228 16.8465
0.136353 3.79492 1 -2.63062 148 0.00672944 14.893
0.0437622 2.16205 1 -2.64674 131 0.010752 24.8426
0.3573 4.79846 1 -2.66827 141 0.00492467 12.4786
-0.0693359 2.63086 1 -2.63469 145 0.00905639 20.8577
-0.0194702 -0.909668 1 -2.63106 156 0.0203061 132.286
0.104492 5.883 1 -2.65356 142 0.00399084 9.69854
0.0638428 -0.606567 1 -2.67194 157 0.022409 121.188
-0.304199 3.14404 1 -2.46765 118 0.00620692 18.3895
-0.043457 -2.63257 1 -2.62158 144 0.00768378 159.182
-0.179443 -2.2821 1 -2.53259 142 0.00833479 156.002
-0.0480957 0.318359 1 -2.60352 148 0.0234995 72.3598
-0.151367 -1.6084 1 -2.51929 165 0.0100064 147.838
0.0380859 0.00976562 1 -2.68799 134 0.0216046 89.4409
-0.267578 -2.36475 1 -2.3457 140 0.00673078 156.358
-1 -3.22861 0 1.27437 93 0.00391515 162.791
0.459961 -0.857422 1 -3.27246 111 0.0164022 127.918
0.369629 0.26709 1 -3.19092 100 0.017077 75.9355
1.00391 -2.10059 1 -1.24805 92 0.00472193 145.998
0 1 0 -0.0143458 20 0.0038745 0
-1 0.432306 0 -1.21871 48 0.00810765 66.6209
0.140625 -0.190918 1 -2.58105 114 0.0191863 100.706
0.124512 0.963135 1 -2.62622 115 0.015361 46.296
-0.0771484 0.341064 1 -2.8291 126 0.0222705 71.2192
0.0844727 -0.414062 1 -2.65503 117 0.020508 112.421
-0.171387 -0.365967 1 -2.87915 120 0.016884 109.835
-0.110596 -2.07617 1 -2.79968 141 0.00638082 154.146
-0.088623 -0.499207 1 -2.78967 121 0.0195044 116.439
-0.217773 -0.0717773 1 -2.84247 128 0.0221144 94.0118
-0.0252686 0.910645 1 -2.75735 116 0.0174235 47.6867
0.180176 2.44214 1 -2.70956 118 0.00929346 22.5907
0.123596 3.3822 1 -2.73071 107 0.00586608 16.5896
-0.127213 3.54883 1 -2.74466 107 0.00610364 15.8574
-0.0316772 -1.32507 1 -2.73796 129 0.0141965 142.945
0.106476 5.17651 1 -2.74937 104 0.00366676 10.994
-0.00665283 2.85895 1 -2.73767 108 0.00780159 19.2792
0.276001 -2.36475 1 -2.84384 156 0.00945407 156.313
0.0581055 1.04297 1 -2.77008 110 0.0166154 43.8433
-0.0522461 1.04395 1 -2.71204 125 0.016143 43.8073
0.108887 1.10986 1 -2.81506 114 0.0154705 42.1872
0.0163574 0.418945 1 -2.75049 122 0.0238874 67.2717
-0.266357 -0.506836 1 -2.53345 122 0.0174638 116.094
0.418457 0.00332642 1 -3.15186 141 0.0219775 89.8242
-0.0927734 1.69727 1 -2.63965 121 0.0124175 30.6134
0.117676 -1.15186 1 -2.87451 145 0.0139229 138.842
-0.167969 -0.613281 1 -2.5332 102 0.0198081 121.166
-1 3.18469 0 1.33582 87 0.00431071 17.4324
-1 -3.86337 0 1.47376 64 0.00443987 165.488
0 1 0 -0.0257754 13 0.0060391 0
0 0 0 0 0 0 0
-1 2.3703 0 -1.27317 53 0.00569246 22.8743
-0.237305 -1.61035 1 -3.1001 143 0.0102484 147.453
0.0283203 -1.47266 1 -2.80249 124 0.0113769 145.811
-0.0263672 0.621094 1 -2.87476 100 0.0182621 58.1648
0.442871 -2.44824 1 -2.45605 103 0.00745216 155.929
0.205566 -2.37012 1 -2.66431 118 0.00971965 156.696
-0.0751953 -1.85052 1 -2.8678 147 0.0102766 151.546
0.092041 -0.971924 1 -2.78284 146 0.0203389 134.064
-0.0943604 0.983154 1 -2.8858 110 0.0165123 45.6136
0.273193 0.911865 1 -2.75415 114 0.020164 48.6642
0.0742188 -0.696777 1 -2.82587 125 0.0203291 124.794
-0.0945435 -3.59149 1 -2.8348 156 0.00534126 164.375
0.292419 -2.71252 1 -2.82728 144 0.00633569 158.988
0.112473 -1.04102 1 -2.84453 138 0.0201052 135.971
-0.177185 -1.7074 1 -2.80203 142 0.0127661 149.255
-0.203796 -0.469116 1 -2.80147 136 0.0259238 114.687
-0.159668 1.5 1 -2.79138 116 0.0140018 34.0237
0.0827637 0.102539 1 -2.87805 126 0.0286855 84.1652
-0.367676 -0.572998 1 -2.65344 118 0.0205415 118.271
0.00439453 1.47363 1 -2.84387 106 0.0131031 34.1609
0.101562 -2.17981 1 -2.94019 148 0.00869796 155.245
0.248047 0.284668 1 -3.06494 131 0.0248781 74.5548
-1 -0.168304 0 0.9571 80 0.0218425 99.5536
0.0942383 -0.961914 1 -2.95459 131 0.0185636 133.761
0.229492 -1.15332 1 -3.11035 153 0.0139388 138.344
0.119629 0.477051 1 -3.01318 109 0.016907 64.6543
0.114258 -0.964844 1 -2.99219 61 0.0121349 133.789
-1 0.53244 0 1.42255 54 0.00998998 61.9674
0 0 0 0 0 0 0
0 1 0 -0.00396625 2 0.0022868 0
-1 1.16238 0 -1.24834 40 0.0106288 40.7054
-1 -2.10132 0 -1.123 58 0.00955468 154.551
-1 -3.11084 0 -1.02657 84 0.00619166 162.18
0.104004 -1.85495 1 -2.83691 140 0.00782177 151.542
-0.304199 -1.19727 1 -3.18896 106 0.0115336 138.878
-1 -0.849884 0 -0.732133 64 0.0158643 130.361
-1 3.78958 0 -0.706548 76 0.00404592 14.7823
0.103271 -0.516602 1 -2.88025 116 0.0157498 117.197
0.219482 -1.92603 1 -2.82794 129 0.00832398 152.007
0.000854492 -1.15259 1 -2.93762 112 0.0127984 139.055
0.27478 -2.40332 1 -2.85147 120 0.00561616 156.659
-0.00787354 -1.65411 1 -2.927 98 0.00949108 148.844
-0.0174561 -2.04382 1 -2.92618 113 0.00822066 153.925
-1 -4.23203 0 0.0790425 95 0.0032733 166.705
-1 -2.52926 0 0.148843 80 0.00805881 158.427
-0.00488281 -1.82721 1 -2.93396 117 0.0085292 151.309
-0.298096 1.58838 1 -2.83875 80 0.0106588 33.3029
-0.210205 -0.517578 1 -2.85327 91 0.0177519 116.863
-1 0.0945435 0 0.548612 80 0.023613 84.5991
-0.0297852 -0.0515137 1 -2.93494 98 0.02177 92.9476
-1 -3.2981 0 0.731193 89 0.00601793 163.132
-1 -1.75397 0 0.84503 80 0.0110641 150.311
-1 -1.11163 0 0.930088 43 0.0181579 138.026
-0.0126953 0.535156 1 -2.93555 86 0.0178876 61.8482
-0.368164 2.66699 1 -2.53516 94 0.00737143 21.7796
-1 -1.47537 0 1.25301 84 0.010111 145.871
-1 2.12976 0 1.31286 43 0.00796217 25.1518
0 1 0 -0.00735904 19 0.00236452 0
