0 0 0 0 0 0 0
0 0 0 0 0 0 0
0 0 0 0 0 0 0
0 0 0 0 0 0 0
0 0 0 0 0 0 0
0 0 0 0 0 0 0
0 0 0 0 0 0 0
0 0 0 0 0 0 0
0 0 0 0 0 0 0
0 0 0 0 0 0 0
0 0 0 0 0 0 0
0 0 0 0 0 0 0
0 0 0 0 0 0 0
0 0 0 0 0 0 0
0 0 0 0 0 0 0
0 0 0 0 0 0 0
0 0 0 0 0 0 0
0 0 0 0 0 0 0
0 0 0 0 0 0 0
0 0 0 0 0 0 0
0 0 0 0 0 0 0
0 0 0 0 0 0 0
0 0 0 0 0 0 0
0 0 0 0 0 0 0
0 0 0 0 0 0 0
0 0 0 0 0 0 0
0 0 0 0 0 0 0
0 0 0 0 0 0 0
0 0 0 0 0 0 0
0 0 0 0 0 0 0
0 0 0 0 0 0 0
0 0 0 0 0 0 0
0 0 0 0 0 0 0
0 0 0 0 0 0 0
0 0 0 0 0 0 0
0 0 0 0 0 0 0
0 0 0 0 0 0 0
0 0 0 0 0 0 0
0 0 0 0 0 0 0
0 0 0 0 0 0 0
0 0 0 0 0 0 0
0 0 0 0 0 0 0
0 0 0 0 0 0 0
0 0 0 0 0 0 0
0 0 0 0 0 0 0
0 0 0 0 0 0 0
0 0 0 0 0 0 0
0 0 0 0 0 0 0
0 0 0 0 0 0 0
0 0 0 0 0 0 0
0 0 0 0 0 0 0
0 0 0 0 0 0 0
0 0 0 0 0 0 0
0 0 0 0 0 0 0
0 0 0 0 0 0 0
0 0 0 0 0 0 0
0 0 0 0 0 0 0
0 0 0 0 0 0 0
0 0 0 0 0 0 0
0 0 0 0 0 0 0
0 0 0 0 0 0 0
0 0 0 0 0 0 0
0 0 0 0 0 0 0
0 0 0 0 0 0 0
0 0 0 0 0 0 0
0 0 0 0 0 0 0
0 0 0 0 0 0 0
0 0 0 0 0 0 0
0 0 0 0 0 0 0
0 0 0 0 0 0 0
0 0 0 0 0 0 0
0 0 0 0 0 0 0
0 0 0 0 0 0 0
0 0 0 0 0 0 0
0 0 0 0 0 0 0
0 0 0 0 0 0 0
0 0 0 0 0 0 0
0 0 0 0 0 0 0
0 0 0 0 0 0 0
0 0 0 0 0 0 0
0 0 0 0 0 0 0
0 0 0 0 0 0 0
0 0 0 0 0 0 0
0 0 0 0 0 0 0
0 0 0 0 0 0 0
0 0 0 0 0 0 0
0 0 0 0 0 0 0
0 0 0 0 0 0 0
0 0 0 0 0 0 0
0 0 0 0 0 0 0
0 0 0 0 0 0 0
0 0 0 0 0 0 0
0 0 0 0 0 0 0
0 0 0 0 0 0 0
0 0 0 0 0 0 0
0 0 0 0 0 0 0
0 0 0 0 0 0 0
0 0 0 0 0 0 0
0 0 0 0 0 0 0
0 0 0 0 0 0 0
0 0 0 0 0 0 0
0 0 0 0 0 0 0
0 0 0 0 0 0 0
0 0 0 0 0 0 0
0 0 0 0 0 0 0
0 0 0 0 0 0 0
0 0 0 0 0 0 0
0 0 0 0 0 0 0
0 0 0 0 0 0 0
0 0 0 0 0 0 0
0 0 0 0 0 0 0
0 0 0 0 0 0 0
0 0 0 0 0 0 0
0 0 0 0 0 0 0
0 0 0 0 0 0 0
0 0 0 0 0 0 0
0 0 0 0 0 0 0
0 0 0 0 0 0 0
0 0 0 0 0 0 0
0 0 0 0 0 0 0
0 0 0 0 0 0 0
0 0 0 0 0 0 0
0 0 0 0 0 0 0
0 0 0 0 0 0 0
0 0 0 0 0 0 0
0 0 0 0 0 0 0
0 0 0 0 0 0 0
0 0 0 0 0 0 0
0 0 0 0 0 0 0
0 0 0 0 0 0 0
0 0 0 0 0 0 0
0 0 0 0 0 0 0
0 0 0 0 0 0 0
0 0 0 0 0 0 0
0 0 0 0 0 0 0
0 0 0 0 0 0 0
0 0 0 0 0 0 0
0 0 0 0 0 0 0
0 0 0 0 0 0 0
0 0 0 0 0 0 0
0 0 0 0 0 0 0
0 0 0 0 0 0 0
0 0 0 0 0 0 0
0 0 0 0 0 0 0
0 0 0 0 0 0 0
0 0 0 0 0 0 0
0 0 0 0 0 0 0
0 0 0 0 0 0 0
0 0 0 0 0 0 0
0 0 0 0 0 0 0
0 0 0 0 0 0 0
0 0 0 0 0 0 0
0 0 0 0 0 0 0
0 0 0 0 0 0 0
0 0 0 0 0 0 0
0 0 0 0 0 0 0
0 0 0 0 0 0 0
0 0 0 0 0 0 0
0 0 0 0 0 0 0
0 0 0 0 0 0 0
0 0 0 0 0 0 0
0 0 0 0 0 0 0
0 0 0 0 0 0 0
0 0 0 0 0 0 0
0 0 0 0 0 0 0
0 0 0 0 0 0 0
0 0 0 0 0 0 0
0 0 0 0 0 0 0
0 0 0 0 0 0 0
0 0 0 0 0 0 0
0 0 0 0 0 0 0
0 0 0 0 0 0 0
0 0 0 0 0 0 0
0 0 0 0 0 0 0
0 0 0 0 0 0 0
0 0 0 0 0 0 0
0 0 0 0 0 0 0
0 0 0 0 0 0 0
0 0 0 0 0 0 0
0 0 0 0 0 0 0
0 0 0 0 0 0 0
0 0 0 0 0 0 0
0 0 0 0 0 0 0
0 0 0 0 0 0 0
0 0 0 0 0 0 0
0 0 0 0 0 0 0
0 0 0 0 0 0 0
0 0 0 0 0 0 0
0 0 0 0 0 0 0
0 1 0 -0.00153743 74 0.000684704 0
0.0142517 0.195801 1 -0.688599 303 0.00270466 78.9227
-0.00357056 0.372437 1 -0.696693 347 0.0030095 69.573
0.0125275 0.740356 1 -0.692574 345 0.00262918 53.4875
0.0132446 0.0561523 1 -0.691591 387 0.0034625 86.7864
0.00828171 0.60495 1 -0.693577 387 0.00306038 58.829
0.00664139 0.264465 1 -0.693609 380 0.00339612 75.1867
0.0144501 0.171875 1 -0.694002 410 0.00367464 80.2486
-0.0252075 0.934814 1 -0.686844 520 0.0034861 46.9387
0.0279541 -0.586766 1 -0.696686 601 0.00406892 120.393
-0.000976562 0.678467 1 -0.691345 637 0.00480021 55.8444
-0.540039 1.63867 1 -0.426514 360 0.0036134 34.7433
0 0 0 0 0 0 0
0 0 0 0 0 0 0
0 0 0 0 0 0 0
0 0 0 0 0 0 0
0 0 0 0 0 0 0
0 0 0 0 0 0 0
0 0 0 0 0 0 0
0 0 0 0 0 0 0
0 0 0 0 0 0 0
0 0 0 0 0 0 0
0 0 0 0 0 0 0
0 0 0 0 0 0 0
0 0 0 0 0 0 0
0 0 0 0 0 0 0
0 0 0 0 0 0 0
0 0 0 0 0 0 0
0 0 0 0 0 0 0
0 1 0 0.00161711 43 0.00199902 0
0.551758 -4.93677 1 -0.447174 2055 0.00329995 166.974
0.204468 7.88013 1 -0.677002 2264 0.00269823 7.38025
-0.0531311 8.80396 1 -0.786926 2249 0.00232683 6.48927
0.0215149 -1.49084 1 -0.740025 2367 0.0139336 146.142
-0.00285339 -1.93195 1 -0.745167 2334 0.011186 152.633
-0.011879 -0.330696 1 -0.748632 2291 0.0236642 108.298
0.0589218 4.69735 1 -0.74758 2353 0.0050959 12.0383
-0.0352936 5.20203 1 -0.737051 2339 0.00456857 10.888
-0.327026 8.15564 1 -0.673157 2290 0.00230089 7.35084
-0.153229 4.96289 1 -0.717819 2378 0.00467693 11.5217
0.0515747 -4.12778 1 -0.743347 2457 0.00556842 166.364
-0.478943 2.64526 1 -0.519226 1758 0.00766929 22.7413
0 0 0 0 0 0 0
0 0 0 0 0 0 0
0 0 0 0 0 0 0
0 0 0 0 0 0 0
0 0 0 0 0 0 0
0 0 0 0 0 0 0
0 0 0 0 0 0 0
0 0 0 0 0 0 0
0 0 0 0 0 0 0
0 0 0 0 0 0 0
0 0 0 0 0 0 0
0 0 0 0 0 0 0
0 0 0 0 0 0 0
0 0 0 0 0 0 0
0 0 0 0 0 0 0
0 0 0 0 0 0 0
0 0 0 0 0 0 0
0.745361 -4.92114 1 -0.382935 642 0.00344243 165.778
0.0597534 3.06714 1 -0.822723 1834 0.007496 18.088
0.0206909 1.56036 1 -0.839279 1835 0.0135028 32.6604
0.0316467 -2.68433 1 -0.83078 1827 0.00853296 159.559
0.0209656 1.31268 1 -0.847588 1843 0.0151368 37.3062
0.0214691 1.69247 1 -0.849649 1863 0.0127499 30.5825
-0.0521622 -6.31494 1 -0.843584 1826 0.00353843 170.99
-0.106178 -3.46002 1 -0.843529 1862 0.00669814 163.794
0.00401306 -3.09644 1 -0.855051 1848 0.00728314 162.102
-0.0368958 5.02087 1 -0.829849 1868 0.00460409 11.2716
-0.300415 7.08057 1 -0.75032 1799 0.0027829 8.38879
-0.298706 6.00024 1 -0.752319 1845 0.00346058 9.86709
0.0370483 -1.01904 1 -0.859558 1892 0.0178566 135.521
-1.30518 -1.66992 1 -0.043457 421 0.00754925 135.444
0 0 0 0 0 0 0
0 0 0 0 0 0 0
0 0 0 0 0 0 0
0 0 0 0 0 0 0
0 0 0 0 0 0 0
0 0 0 0 0 0 0
0 0 0 0 0 0 0
0 0 0 0 0 0 0
0 0 0 0 0 0 0
0 0 0 0 0 0 0
0 0 0 0 0 0 0
0 0 0 0 0 0 0
0 0 0 0 0 0 0
0 0 0 0 0 0 0
0 0 0 0 0 0 0
0 1 0 -0.00663237 4 0.000578773 0
0.274109 -2.18237 1 -0.769104 1232 0.00917271 154.587
0.0363159 1.03613 1 -0.929321 1483 0.0172308 44.0022
0.0504761 -3.96997 1 -0.921646 1457 0.00562788 165.845
0.0429993 -2.80591 1 -0.926208 1498 0.00821947 160.368
-0.0395813 5.0697 1 -0.97065 1441 0.0044325 11.1669
-0.0137787 4.95111 1 -0.961868 1438 0.00449995 11.4198
-0.00352859 -0.13443 1 -0.947071 1411 0.0238456 97.6563
-0.00960922 -1.92377 1 -0.944148 1456 0.0104981 152.533
-0.0351715 -4.02654 1 -0.94418 1487 0.00565806 166.044
-0.0201111 -4.20627 1 -0.950417 1502 0.00551019 166.624
-0.0278625 1.20972 1 -0.935883 1471 0.0156288 39.5894
-0.360352 4.51123 1 -0.79657 1491 0.0048589 13.2583
-0.188171 5.42371 1 -0.890259 1510 0.00398528 10.6258
-0.450806 -2.91943 1 -0.642944 1060 0.00658369 159.407
0 0 0 0 0 0 0
0 0 0 0 0 0 0
0 0 0 0 0 0 0
0 0 0 0 0 0 0
0 0 0 0 0 0 0
0 0 0 0 0 0 0
0 0 0 0 0 0 0
0 0 0 0 0 0 0
0 0 0 0 0 0 0
0 0 0 0 0 0 0
0 0 0 0 0 0 0
0 0 0 0 0 0 0
0 0 0 0 0 0 0
0 0 0 0 0 0 0
0 0 0 0 0 0 0
0.984863 -0.618439 1 -0.350098 355 0.0119437 113.779
0.0742188 1.36377 1 -1.00232 1182 0.0143838 36.3262
0.0348511 0.75061 1 -1.0285 1182 0.0194854 53.1244
-0.0625 -5.23218 1 -1.06787 1211 0.00424968 169.159
0.0214233 0.13623 1 -1.0408 1200 0.0248796 82.2441
0.0661316 6.14984 1 -1.04037 1189 0.0036331 9.25561
-0.0226898 -0.711197 1 -1.05028 1230 0.0207638 125.413
-0.0109406 2.29034 1 -1.05141 1206 0.0101088 23.5881
0.00748444 -0.753143 1 -1.04637 1251 0.0209284 126.984
-0.00387573 -1.51106 1 -1.0465 1235 0.014036 146.504
-0.0368652 -1.33777 1 -1.03953 1210 0.0147009 143.203
-0.026062 -2.30768 1 -1.04311 1221 0.0098074 156.564
-0.3172 6.97998 1 -0.901276 1170 0.00285717 8.54767
-0.271912 4.6499 1 -0.924347 1159 0.00462718 12.564
0.0213013 1.02512 1 -1.07306 1216 0.0169789 44.2959
-1.01172 -1.95227 1 -0.327148 261 0.00579056 143.921
0 0 0 0 0 0 0
0 0 0 0 0 0 0
0 0 0 0 0 0 0
0 0 0 0 0 0 0
0 0 0 0 0 0 0
0 0 0 0 0 0 0
0 0 0 0 0 0 0
0 0 0 0 0 0 0
0 0 0 0 0 0 0
0 0 0 0 0 0 0
0 0 0 0 0 0 0
0 0 0 0 0 0 0
0 0 0 0 0 0 0
0 1 0 -0.00310651 1 0 0
0.431396 4.59619 1 -0.852661 774 0.00467957 13.3306
0.0479126 2.12866 1 -1.11981 1004 0.0106396 25.1884
-0.00335693 -3.9325 1 -1.14716 1011 0.0057888 165.732
0.00738525 1.35797 1 -1.14545 962 0.0143431 36.3684
0.0403442 4.77972 1 -1.13683 930 0.00463293 11.8262
0.028595 2.13171 1 -1.14144 967 0.0103479 25.1406
0.0432739 -3.02869 1 -1.13588 963 0.00720057 161.712
-0.0884628 -4.12517 1 -1.14677 981 0.00548448 166.322
0.0322571 5.21852 1 -1.15266 958 0.00431481 10.8533
-0.0254517 3.10416 1 -1.14615 1003 0.0076901 17.8617
0.0172729 2.47083 1 -1.15306 1018 0.00957483 22.0373
-0.103271 -3.96655 1 -1.1178 1021 0.00592679 165.778
-0.0305786 3.33649 1 -1.12592 1017 0.00719318 16.6917
-0.410767 5.86523 1 -0.929077 989 0.00374027 10.4435
-0.217163 4.61182 1 -1.03864 1006 0.00477315 12.5106
-0.415283 0.0236816 1 -0.85144 695 0.0210308 88.7471
0 0 0 0 0 0 0
0 0 0 0 0 0 0
0 0 0 0 0 0 0
0 0 0 0 0 0 0
0 0 0 0 0 0 0
0 0 0 0 0 0 0
0 0 0 0 0 0 0
0 0 0 0 0 0 0
0 0 0 0 0 0 0
0 0 0 0 0 0 0
0 0 0 0 0 0 0
0 0 0 0 0 0 0
0 0 0 0 0 0 0
1.00586 4.30518 1 -0.458008 208 0.00325883 18.2347
0.148804 4.10498 1 -1.1452 811 0.00558322 13.8359
-0.0247192 0.428833 1 -1.26495 819 0.0227071 66.7951
-0.0346069 3.32898 1 -1.2717 833 0.00719702 16.7293
0.0531616 3.19629 1 -1.22476 865 0.00756542 17.396
0.00360107 3.06622 1 -1.24664 875 0.00816647 18.063
0.0254211 1.29657 1 -1.2436 869 0.01623 37.6507
0.0401154 -3.50879 1 -1.23146 842 0.00660113 164.08
-0.0250473 -4.04462 1 -1.24075 789 0.00525436 166.108
0.0294495 3.96388 1 -1.24836 839 0.00594802 14.1649
-0.121185 2.71924 1 -1.2299 815 0.0083343 20.3267
0.0341187 -5.67209 1 -1.24647 841 0.00369993 169.996
-0.147949 -3.29834 1 -1.19774 829 0.00710567 162.961
-0.0343018 0.294426 1 -1.23276 817 0.0237397 73.6033
-0.112427 3.24951 1 -1.17938 830 0.00702917 17.2066
-0.175049 4.26587 1 -1.15216 835 0.00513198 13.3864
-0.197266 2.8623 1 -1.12927 834 0.0075461 19.6009
-1 -0.688354 0 0.821846 134 0.00645592 124.542
0 0 0 0 0 0 0
0 0 0 0 0 0 0
0 0 0 0 0 0 0
0 0 0 0 0 0 0
0 0 0 0 0 0 0
0 0 0 0 0 0 0
0 0 0 0 0 0 0
0 0 0 0 0 0 0
0 0 0 0 0 0 0
0 0 0 0 0 0 0
0 0 0 0 0 0 0
0 0 0 0 0 0 0
0.30542 0.924805 1 -1.10193 537 0.0168983 48.5081
0.0646973 2.25342 1 -1.29785 679 0.0100197 23.9746
-0.039917 1.47021 1 -1.37543 670 0.0136974 34.2437
-0.0199585 -1.03918 1 -1.35898 691 0.0170272 136.095
-0.0117188 2.61853 1 -1.35306 681 0.00866703 20.9028
0.0155029 0.521729 1 -1.34538 657 0.0206805 62.4505
0.0365906 -0.28772 1 -1.34053 671 0.0229796 106.041
0.0562744 -0.397217 1 -1.33588 689 0.0227927 111.633
-0.124687 -2.02531 1 -1.34787 692 0.0108958 153.546
0.00811005 0.957642 1 -1.34685 694 0.0177869 46.2405
0.121063 -2.41333 1 -1.36525 708 0.00891675 157.345
0.0244751 0.0436401 1 -1.35487 702 0.0250764 87.5019
-0.112244 -3.16113 1 -1.30353 722 0.00749745 162.342
-0.0175781 -0.0175781 1 -1.33957 698 0.0252406 91.0069
-0.0535889 2.50781 1 -1.31213 734 0.00949913 21.7681
-0.191895 4.04395 1 -1.22754 705 0.005605 14.133
-0.262085 3.70361 1 -1.17737 702 0.00572024 15.5958
-0.47583 -0.571655 1 -0.947998 423 0.016143 117.303
0 0 0 0 0 0 0
0 0 0 0 0 0 0
0 0 0 0 0 0 0
0 0 0 0 0 0 0
0 0 0 0 0 0 0
0 0 0 0 0 0 0
0 0 0 0 0 0 0
0 0 0 0 0 0 0
0 0 0 0 0 0 0
0 0 0 0 0 0 0
0 0 0 0 0 0 0
-1 1.22772 0 -0.920878 121 0.0060743 39.1634
0.182251 3.78711 1 -1.29529 576 0.00560605 15.0243
-0.191772 4.65088 1 -1.58643 560 0.00486055 12.349
-0.0876465 4.25955 1 -1.50287 573 0.00544412 13.2607
-0.0316772 -1.84277 1 -1.46753 611 0.0118731 151.501
-0.0689697 -0.998535 1 -1.48154 592 0.0176084 134.89
-0.00775146 -0.905518 1 -1.45317 592 0.0177943 132.161
-0.00524902 2.12524 1 -1.45274 580 0.010491 25.1989
0.0246582 0.0432129 1 -1.44085 594 0.0250009 87.5264
0.0925446 4.36914 1 -1.45184 559 0.00511051 12.9449
-0.00590515 -4.08456 1 -1.44085 601 0.00533838 166.243
-0.0551453 0.247284 1 -1.43782 590 0.0237449 76.1306
-0.124847 1.91913 1 -1.41935 585 0.0113287 27.7047
-0.069397 -2.42578 1 -1.41647 600 0.00932076 157.548
-0.0463867 -2.34863 1 -1.42502 620 0.0100178 156.914
0.00982666 1.85718 1 -1.44977 583 0.0117337 28.3015
-0.102417 4.43715 1 -1.38123 582 0.00486711 12.7648
-0.0749512 1.72852 1 -1.39966 634 0.0124402 30.1203
-0.0650635 -0.223633 1 -1.38403 632 0.0237059 102.58
-1 0.241333 0 0.909594 91 0.00840985 76.4321
0 0 0 0 0 0 0
0 0 0 0 0 0 0
0 0 0 0 0 0 0
0 0 0 0 0 0 0
0 0 0 0 0 0 0
0 0 0 0 0 0 0
0 0 0 0 0 0 0
0 0 0 0 0 0 0
0 0 0 0 0 0 0
0 0 0 0 0 0 0
0.620605 4.02197 1 -0.984863 320 0.00469746 16.3107
0.0234375 0.438477 1 -1.52783 520 0.0225863 66.3295
-0.0584717 -0.845703 1 -1.59204 492 0.0185303 130.173
0.0445557 -2.70703 1 -1.51758 486 0.00818142 159.707
-0.0819092 -2.32617 1 -1.59558 470 0.00829913 156.668
-0.0369263 0.582642 1 -1.56461 465 0.0209859 59.7901
0.0983276 -2.64575 1 -1.51811 466 0.00771168 159.204
-0.0388489 3.08057 1 -1.55611 448 0.00720728 17.9969
0.00375366 -0.588257 1 -1.54574 497 0.0220821 120.466
0.0372925 -0.495544 1 -1.54284 481 0.0226716 116.345
-0.0407791 0.867004 1 -1.54529 481 0.0196178 49.0981
0.131531 -1.44824 1 -1.56638 517 0.0152786 145.145
-0.0771484 -0.954346 1 -1.52488 509 0.0194543 133.577
-0.0801392 -2.32202 1 -1.51385 507 0.0100535 156.634
0.00567627 -0.884766 1 -1.5509 508 0.0206982 131.501
-0.141479 -3.2583 1 -1.47729 493 0.00713055 162.778
-0.029541 1.41113 1 -1.53009 526 0.0164015 35.3351
-0.0654297 1.65625 1 -1.50598 482 0.0133479 31.1766
-0.102661 1.37207 1 -1.47083 500 0.0143821 36.2286
-0.4375 -3.09766 1 -1.11157 300 0.00514466 160.589
0 0 0 0 0 0 0
0 0 0 0 0 0 0
0 0 0 0 0 0 0
0 0 0 0 0 0 0
0 0 0 0 0 0 0
0 0 0 0 0 0 0
0 0 0 0 0 0 0
0 0 0 0 0 0 0
0 0 0 0 0 0 0
-1 -0.779678 0 -1.00743 92 0.0037324 127.943
-0.0345459 0.979614 1 -1.68286 445 0.0183006 45.6071
0.0263672 0.226074 1 -1.62805 444 0.0247506 77.2653
0.000488281 0.0742188 1 -1.651 411 0.0239396 85.7554
0.0837402 -1.9248 1 -1.59229 429 0.0111861 152.465
-0.0368652 -1.40967 1 -1.66705 424 0.0137343 144.63
-0.0217896 1.27539 1 -1.65616 430 0.0149507 38.1057
0.208252 -5.11841 1 -1.58466 458 0.00334983 168.714
0.0770264 -1.20361 1 -1.62741 440 0.0159344 140.196
0.00311279 1.71533 1 -1.65095 408 0.0118534 30.2413
0.00762177 -2.0685 1 -1.64758 441 0.0110805 154.198
0.0604401 -0.376923 1 -1.65133 448 0.0231029 110.618
0.00799561 0.604492 1 -1.65175 424 0.021133 58.8482
0.10083 -1.61755 1 -1.67668 464 0.0134965 148.145
-0.0392456 0.236481 1 -1.63916 421 0.0232904 76.7049
-0.0900879 -3.43994 1 -1.60474 416 0.00601802 163.729
-0.0438232 -1.86987 1 -1.62976 440 0.011474 151.839
-0.0389404 3.45642 1 -1.62103 427 0.00645656 16.1476
-0.125488 3.05127 1 -1.5614 447 0.00746435 18.2785
-0.0695801 1.72754 1 -1.59839 450 0.0124042 30.1248
0.048584 0.445801 1 -1.70337 438 0.0241098 65.9978
-1 0.704529 0 1.00343 78 0.00459163 54.8342
0 0 0 0 0 0 0
0 0 0 0 0 0 0
0 0 0 0 0 0 0
0 0 0 0 0 0 0
0 0 0 0 0 0 0
0 0 0 0 0 0 0
0 0 0 0 0 0 0
0 0 0 0 0 0 0
0.511963 -1.65186 1 -1.21362 258 0.011003 145.78
0.167236 1.60791 1 -1.59253 373 0.0129565 32.234
0.105225 2.22852 1 -1.65588 372 0.00982759 24.2852
0.00817871 -0.397949 1 -1.74255 377 0.0230541 111.699
0.0541992 2.4043 1 -1.71057 350 0.00871022 22.6133
-0.046875 3.0675 1 -1.76654 355 0.00716363 18.0744
-0.0977783 -1.25177 1 -1.79529 381 0.0151291 141.247
-0.0102539 -0.818848 1 -1.7554 368 0.0189118 129.311
-0.124756 -3.54022 1 -1.77596 393 0.00662467 164.111
-0.128174 -5.08093 1 -1.76408 393 0.00402685 168.777
0.150757 -1.78189 1 -1.74057 371 0.0118052 150.423
0.016716 -1.62238 1 -1.75161 392 0.0130159 148.348
-0.111115 -3.60661 1 -1.73058 389 0.00611057 164.412
0.0545654 -0.368896 1 -1.77098 391 0.0221895 110.221
-0.043335 -0.833832 1 -1.73413 398 0.0198088 129.796
-0.0623779 -1.18433 1 -1.72144 399 0.0163806 139.769
-0.0601807 -4.42041 1 -1.71362 402 0.004303 167.231
-0.0391846 -1.46631 1 -1.7262 386 0.0141742 145.686
-0.254639 5.2251 1 -1.55652 383 0.0038125 11.1716
0.00671387 1.1394 1 -1.75647 368 0.0153383 41.2725
-0.0828857 -0.168335 1 -1.67224 375 0.0233906 99.5232
-0.958984 0.154541 1 -0.774414 205 0.0156375 83.6355
0 0 0 0 0 0 0
0 0 0 0 0 0 0
0 0 0 0 0 0 0
0 0 0 0 0 0 0
0 0 0 0 0 0 0
0 0 0 0 0 0 0
0 0 0 0 0 0 0
-1 -0.570374 0 -1.10892 65 0.00575221 119.699
0.0129395 1.63336 1 -1.84009 272 0.0106627 31.4785
-0.0078125 -0.508301 1 -1.85791 329 0.020394 116.944
0.303101 -1.41391 1 -1.58936 324 0.0112301 143.534
-0.138672 2.70844 1 -1.94653 300 0.00822717 20.443
-0.0318604 -1.81438 1 -1.86755 376 0.0122317 151.126
-0.041626 -2.44788 1 -1.87482 348 0.00912008 157.762
-0.174438 0.275879 1 -1.92688 339 0.0240791 74.7957
0.155212 0.620285 1 -1.79602 333 0.0211745 58.494
-0.179321 0.282227 1 -1.89259 328 0.0225799 74.475
0.0883484 -1.328 1 -1.82827 324 0.013648 142.913
0.237495 3.47446 1 -1.8417 286 0.00597993 16.4793
0.086235 1.78973 1 -1.8531 319 0.0117723 29.2844
0.113129 -3.13342 1 -1.85743 332 0.00652239 162.194
-0.0765991 -0.806175 1 -1.83582 329 0.0178896 128.793
-0.0186768 0.876953 1 -1.84476 301 0.016428 48.7557
0.013855 1.09131 1 -1.85867 314 0.0159054 42.5027
-0.320435 -4.12402 1 -1.66736 336 0.00465696 165.715
-0.0523682 1.08105 1 -1.81348 298 0.0156996 42.8086
0.0618896 -0.833008 1 -1.89404 346 0.0167008 129.741
0.223389 -2.16699 1 -2.0376 369 0.00980739 154.693
-0.065918 -0.336182 1 -1.78015 316 0.0193733 108.544
-0.124023 2.82959 1 -1.74634 230 0.00694319 19.6016
0 1 0 -0.0130411 17 0.00199291 0
0 0 0 0 0 0 0
0 0 0 0 0 0 0
0 0 0 0 0 0 0
0 0 0 0 0 0 0
0 0 0 0 0 0 0
0 0 0 0 0 0 0
0 1 0 -0.00834154 14 0.00451599 0
-0.560303 -0.5 1 -2.51978 159 0.0141228 113.567
-0.25415 -0.869873 1 -2.19409 339 0.0205184 130.133
0.13916 -1.95734 1 -1.82935 285 0.0105526 152.714
0.272217 -1.92773 1 -1.75269 280 0.0105543 151.737
0.0391846 0.0456543 1 -1.92371 303 0.024715 87.388
0.0881348 -2.05603 1 -1.90277 302 0.00981286 153.976
-0.00109863 -0.152344 1 -1.95105 296 0.0240221 98.662
0.25061 -1.38049 1 -1.8562 300 0.0122076 143.248
0.257019 -2.30481 1 -1.87975 295 0.00748842 155.869
0.0983582 -4.28064 1 -1.92466 323 0.00469292 166.79
0.0486221 -2.0664 1 -1.9453 323 0.009921 154.15
0.0154343 -0.101959 1 -1.95274 322 0.0277483 95.821
0.119476 -2.86847 1 -1.95923 310 0.00693406 160.654
0.108398 -0.350296 1 -1.9753 307 0.0238968 109.201
-0.0550537 -1.45502 1 -1.92343 293 0.0118994 145.46
-0.0423584 -2.2373 1 -1.92877 309 0.00982486 155.898
0.0345459 2.48779 1 -1.97491 274 0.00904562 21.9101
0.0167236 -1.44389 1 -1.96429 306 0.0127025 145.291
0.0588379 -1.87842 1 -2 295 0.0102969 151.93
-0.0493164 0.649414 1 -1.91138 305 0.0209054 57.0315
0.199463 0.521484 1 -2.14771 254 0.0207774 62.9143
0.207031 4.39124 1 -2.18311 136 0.00419128 13.0917
0 1 0 -0.00704224 1 0 0
0 0 0 0 0 0 0
0 0 0 0 0 0 0
0 0 0 0 0 0 0
0 0 0 0 0 0 0
0 0 0 0 0 0 0
0 0 0 0 0 0 0
0 0 0 0 0 0 0
-1 0.39489 0 -1.01276 68 0.00657841 68.4514
-0.124512 2.09082 1 -2.17285 235 0.0108919 25.7329
0.125 0.135254 1 -1.94824 186 0.0233606 82.356
0.21875 -2.36865 1 -1.88037 261 0.00856838 156.628
-0.111572 -1.59863 1 -2.11658 281 0.0123708 147.813
-0.00268555 2.01062 1 -2.04987 277 0.011606 26.444
-0.0167236 -0.0273438 1 -2.06073 269 0.0244279 91.5661
-0.0266113 -0.474609 1 -2.06064 238 0.0182764 115.382
-0.0671387 -0.696655 1 -2.06363 242 0.0174836 124.803
-0.0379028 0.658569 1 -2.05658 233 0.0180987 56.6512
-0.00538635 0.190521 1 -2.05372 245 0.0238339 79.2134
-0.0274506 2.4697 1 -2.04339 192 0.00775877 22.0509
0.179291 -2.08941 1 -2.08099 266 0.00825392 154.069
-0.0546875 -0.327271 1 -2.03282 193 0.0227639 108.096
-0.0338135 -2.90075 1 -2.03488 232 0.00667179 160.969
-0.172607 -0.228516 1 -1.96466 227 0.0209469 102.691
0.142944 -0.324646 1 -2.12708 238 0.0219885 107.816
-0.0524902 -2.16797 1 -2.02783 264 0.00899279 155.208
0.0708008 -0.270264 1 -2.10364 280 0.0238095 105.088
0.0012207 0.524658 1 -2.04626 205 0.0202503 62.3159
-0.536377 2.00537 1 -1.54297 182 0.0109129 29.504
-0.249512 -2.52002 1 -1.76807 190 0.00642554 157.756
0 0 0 0 0 0 0
0 0 0 0 0 0 0
0 0 0 0 0 0 0
0 0 0 0 0 0 0
0 0 0 0 0 0 0
0 0 0 0 0 0 0
0 0 0 0 0 0 0
0 0 0 0 0 0 0
0 0 0 0 0 0 0
-0.786133 0.461426 1 -2.8916 123 0.0163951 70.0616
0.020752 -1.73535 1 -2.12573 185 0.0111841 150.042
-0.0439453 -0.291992 1 -2.17908 221 0.0228397 106.263
0.269531 3.2998 1 -1.98059 199 0.00654742 17.4252
0.0699463 2.73096 1 -2.10828 201 0.00778479 20.1565
-0.483276 -0.611816 1 -2.36676 196 0.0146217 118.849
-0.289795 -2.96387 1 -2.24316 193 0.00479389 160.645
-0.106567 -0.92865 1 -2.16362 223 0.0142787 132.72
-0.111877 0.010437 1 -2.16267 232 0.0251814 89.4057
-0.149658 0.307312 1 -2.14759 111 0.0262729 73.0945
0.188797 -1.67587 1 -2.15356 225 0.0106915 148.732
0.0780029 2.74362 1 -2.15965 192 0.00770896 20.0818
0.198608 0.362732 1 -2.21242 153 0.0251197 70.4153
0.211792 1.89697 1 -2.23505 152 0.0096611 28.318
-0.261353 -1.68958 1 -2.02661 231 0.00949273 148.544
0.116333 -1.9696 1 -2.20575 231 0.00836733 152.927
0.0653076 -1.92676 1 -2.19971 249 0.010713 152.521
0.0317383 2.15723 1 -2.16467 201 0.0108378 24.8815
-0.234619 -0.83374 1 -1.94922 176 0.01704 129.066
0.0202637 1.07568 1 -2.17236 140 0.0127832 42.9177
0.316406 -0.509766 1 -2.46436 160 0.0180485 115.921
0 1 0 -0.00647666 3 0.00158824 0
0 0 0 0 0 0 0
0 0 0 0 0 0 0
0 0 0 0 0 0 0
0 0 0 0 0 0 0
0 0 0 0 0 0 0
0 0 0 0 0 0 0
0 0 0 0 0 0 0
0 0 0 0 0 0 0
0 1 0 -0.00590572 3 0.00163817 0
-0.032959 0.586182 1 -2.2771 173 0.0178865 59.6355
0.0385742 -0.12793 1 -2.22266 200 0.0252885 97.2849
0.69043 1.11572 1 -1.80774 140 0.0106715 47.4436
-0.485352 -2.07251 1 -2.50659 146 0.0070787 151.794
-1 -0.328491 0 -0.42299 63 0.00996476 108.185
0.100586 0.521255 1 -2.22171 106 0.0236735 62.587
0.488892 -1.85254 1 -2.13177 232 0.00888331 149
0.0379639 2.69525 1 -2.24841 191 0.0087075 20.3695
0.319611 0.161194 1 -2.24251 169 0.022174 81.2709
-0.237839 -1.01555 1 -2.2367 208 0.015874 134.654
0.348877 -1.5824 1 -2.29781 186 0.0133208 146.205
0.0587158 1.8651 1 -2.2666 147 0.0124495 28.2397
-0.081665 -2.26025 1 -2.21417 231 0.00971965 156.064
0.325684 -1.92908 1 -2.39771 120 0.0102389 151.402
-1 0.453156 0 0.567074 117 0.0162776 65.6221
-0.2948 0.606934 1 -2.05066 173 0.0210006 59.7936
0.105957 1.18408 1 -2.32959 140 0.0158496 40.34
0.637695 -0.899414 1 -2.79834 118 0.0151237 127.175
0 1 0 0.00298774 14 0.00307987 0
0 1 0 -0.00582278 5 0.00173301 0
0 0 0 0 0 0 0
0 0 0 0 0 0 0
0 0 0 0 0 0 0
0 0 0 0 0 0 0
0 0 0 0 0 0 0
0 0 0 0 0 0 0
0 0 0 0 0 0 0
0 0 0 0 0 0 0
0 0 0 0 0 0 0
0 0 0 0 0 0 0
0 1 0 -0.00443488 10 0.00187266 0
-0.30896 2.35059 1 -2.58142 72 0.00692142 24.0019
0.081543 -2.34058 1 -2.28137 115 0.0071245 156.797
-1 -0.586857 0 -0.558222 73 0.00665677 120.407
0.0338135 -2.60686 1 -2.34003 214 0.00545621 159.002
0.0302734 -0.982178 1 -2.34064 185 0.0139935 134.472
-0.0055542 3.64008 1 -2.35901 171 0.00606369 15.3615
0.0113525 -0.471191 1 -2.34689 194 0.0225185 115.228
-0.141571 4.12479 1 -2.3489 140 0.00484878 13.7584
0.298538 -2.18219 1 -2.36595 203 0.00773799 154.441
-0.307373 3.2314 1 -2.30212 147 0.00625018 17.9395
0.0128784 0.428944 1 -2.36986 136 0.0200699 66.7851
0.292847 3.16663 1 -2.44281 133 0.00572371 18.2141
-1 1.68067 0 0.428577 47 0.00760958 30.7527
0.0246582 -2.55054 1 -2.36719 157 0.00652244 158.585
0.343506 -0.832275 1 -2.56628 99 0.0171968 128.207
-0.394287 -0.727051 1 -2.05151 128 0.0152834 124.073
0.195312 -0.520264 1 -2.50488 205 0.0170902 117.05
-1 -0.452576 0 0.915152 43 0.00641094 114.35
0 0 0 0 0 0 0
0 0 0 0 0 0 0
0 0 0 0 0 0 0
0 0 0 0 0 0 0
0 0 0 0 0 0 0
0 0 0 0 0 0 0
0 0 0 0 0 0 0
0 0 0 0 0 0 0
0 0 0 0 0 0 0
0 0 0 0 0 0 0
0 0 0 0 0 0 0
0 0 0 0 0 0 0
0 1 0 -0.0138588 15 0.00258619 0
-1 -0.168716 0 -0.683619 51 0.00882718 99.5766
-1 -1.77905 0 -0.556327 52 0.00400532 150.66
-0.25708 -2.46606 1 -2.55554 115 0.00545554 157.281
-1 4.42112 0 -0.336355 109 0.00420384 12.7451
0.0331421 -0.174561 1 -2.42094 109 0.0151021 99.8965
0.190369 2.84678 1 -2.41086 111 0.00635567 19.6762
-0.0155182 -1.33607 1 -2.44158 162 0.00928457 143.183
-1 -1.10091 0 0.0264063 78 0.0131961 137.75
0.0687866 -1.31989 1 -2.44821 155 0.0117504 142.786
-0.0185547 -2.89699 1 -2.40787 127 0.00645997 160.953
-0.689941 -0.720703 1 -2.19684 108 0.0163008 120.677
0 1 0 0.00416624 6 0.0025524 0
-1 1.5849 0 0.585079 49 0.00455026 32.2501
-0.286133 -1.47266 1 -2.26709 120 0.0123455 144.767
-1 0.563293 0 0.756357 43 0.0202962 60.6077
-1 -2.12656 0 0.825784 65 0.010708 154.815
-1 -0.2146 0 0.909379 26 0.0057449 102.112
0 0 0 0 0 0 0
0 0 0 0 0 0 0
0 0 0 0 0 0 0
0 0 0 0 0 0 0
0 0 0 0 0 0 0
0 0 0 0 0 0 0
0 0 0 0 0 0 0
0 0 0 0 0 0 0
0 0 0 0 0 0 0
0 0 0 0 0 0 0
0 0 0 0 0 0 0
0 0 0 0 0 0 0
0 0 0 0 0 0 0
-1 0.899658 0 -0.614181 27 0.00525573 48.0236
-0.574951 -0.39502 1 -2.87207 125 0.016838 108.904
0.402832 3.22168 1 -2.36932 138 0.00752193 18.5021
-1 1.07453 0 -0.317393 51 0.00619015 42.9425
0.0703735 0.817383 1 -2.53862 140 0.0188332 50.8074
-0.215149 -1.12726 1 -2.58275 158 0.0169017 137.779
0.847946 -0.469467 1 -2.52584 113 0.012855 109.701
-0.567993 -2.1908 1 -2.52316 136 0.00835926 152.303
-1 1.12146 0 0.151137 29 0.00994342 41.7233
-1 -0.809457 0 0.27661 27 0.00612317 128.989
0.307861 0.743408 1 -2.64172 76 0.0122144 54.6062
-1 -0.611168 0 0.411544 29 0.00424052 121.432
0 1 0 0.00837219 11 0.00228026 0
-1 0.739777 0 0.663488 58 0.0173889 53.5068
-1 0.0673752 0 0.713653 45 0.00661799 86.1455
0 0 0 0 0 0 0
0 0 0 0 0 0 0
0 0 0 0 0 0 0
0 0 0 0 0 0 0
0 0 0 0 0 0 0
0 0 0 0 0 0 0
0 0 0 0 0 0 0
0 0 0 0 0 0 0
0 0 0 0 0 0 0
0 0 0 0 0 0 0
0 0 0 0 0 0 0
0 0 0 0 0 0 0
0 0 0 0 0 0 0
0 0 0 0 0 0 0
0 0 0 0 0 0 0
0 1 0 0.00356061 2 0.00207135 0
-1 -1.36591 0 -0.544314 45 0.00525699 143.792
-1 -1.61509 0 -0.448604 35 0.00367928 148.236
0 1 0 -0.00307765 15 0.0019129 0
-1 -2.24593 0 -0.24836 70 0.00714222 155.999
0.34613 -1.56677 1 -2.61051 117 0.0116447 145.965
-1 -2.86642 0 -0.0559536 73 0.0064486 160.768
-0.0507812 -0.662495 1 -2.65746 131 0.0221836 123.49
-1 2.23689 0 0.146633 80 0.00387892 24.087
-1 1.03423 0 0.280551 49 0.00547818 44.0359
0 1 0 0.00244836 2 0.0020553 0
0 0 0 0 0 0 0
0 0 0 0 0 0 0
-1 -0.313459 0 0.676548 63 0.0113539 107.404
0 1 0 0.00177522 8 0.00269108 0
0 0 0 0 0 0 0
0 0 0 0 0 0 0
0 0 0 0 0 0 0
0 0 0 0 0 0 0
0 0 0 0 0 0 0
0 0 0 0 0 0 0
0 0 0 0 0 0 0
0 0 0 0 0 0 0
0 0 0 0 0 0 0
0 0 0 0 0 0 0
0 0 0 0 0 0 0
0 0 0 0 0 0 0
0 0 0 0 0 0 0
0 0 0 0 0 0 0
0 0 0 0 0 0 0
0 0 0 0 0 0 0
0 1 0 -0.00230524 3 0.00520044 0
0 0 0 0 0 0 0
0 0 0 0 0 0 0
-1 -0.946594 0 -0.223389 26 0.00487679 133.428
-1 1.95137 0 -0.149411 41 0.00562427 27.1333
0 1 0 -0.00562906 13 0.0036534 0
-0.0948486 -0.945679 1 -2.72786 126 0.00978621 133.273
-1 0.754848 0 0.122865 42 0.00837342 52.9527
0 1 0 0.00541137 5 0.00246041 0
0 0 0 0 0 0 0
0 0 0 0 0 0 0
0 0 0 0 0 0 0
0 0 0 0 0 0 0
0 1 0 0.00384393 1 0 0
0 0 0 0 0 0 0
0 0 0 0 0 0 0
0 0 0 0 0 0 0
0 0 0 0 0 0 0
0 0 0 0 0 0 0
0 0 0 0 0 0 0
0 0 0 0 0 0 0
0 0 0 0 0 0 0
0 0 0 0 0 0 0
0 0 0 0 0 0 0
0 0 0 0 0 0 0
0 0 0 0 0 0 0
0 0 0 0 0 0 0
0 0 0 0 0 0 0
0 0 0 0 0 0 0
0 0 0 0 0 0 0
0 0 0 0 0 0 0
0 0 0 0 0 0 0
0 0 0 0 0 0 0
0 0 0 0 0 0 0
0 1 0 -0.00192162 9 0.0017056 0
0 0 0 0 0 0 0
0 1 0 -0.000171814 1 0 0
0 1 0 0.00411995 10 0.00236764 0
0 0 0 0 0 0 0
0 0 0 0 0 0 0
0 0 0 0 0 0 0
0 0 0 0 0 0 0
0 0 0 0 0 0 0
0 0 0 0 0 0 0
0 0 0 0 0 0 0
0 0 0 0 0 0 0
0 0 0 0 0 0 0
0 0 0 0 0 0 0
0 0 0 0 0 0 0
0 0 0 0 0 0 0
0 0 0 0 0 0 0
0 0 0 0 0 0 0
0 0 0 0 0 0 0
0 0 0 0 0 0 0
0 0 0 0 0 0 0
0 0 0 0 0 0 0
0 0 0 0 0 0 0
0 0 0 0 0 0 0
0 0 0 0 0 0 0
0 0 0 0 0 0 0
0 0 0 0 0 0 0
0 0 0 0 0 0 0
0 0 0 0 0 0 0
0 0 0 0 0 0 0
0 0 0 0 0 0 0
0 0 0 0 0 0 0
0 0 0 0 0 0 0
0 0 0 0 0 0 0
0 0 0 0 0 0 0
0 0 0 0 0 0 0
0 0 0 0 0 0 0
0 0 0 0 0 0 0
0 0 0 0 0 0 0
0 0 0 0 0 0 0
0 0 0 0 0 0 0
0 0 0 0 0 0 0
0 0 0 0 0 0 0
0 0 0 0 0 0 0
0 0 0 0 0 0 0
0 0 0 0 0 0 0
0 0 0 0 0 0 0
