0 0 0 0 0 0 0
0 0 0 0 0 0 0
0 0 0 0 0 0 0
0 0 0 0 0 0 0
0 0 0 0 0 0 0
0 0 0 0 0 0 0
0 0 0 0 0 0 0
0 0 0 0 0 0 0
0 0 0 0 0 0 0
0 0 0 0 0 0 0
0 0 0 0 0 0 0
0 0 0 0 0 0 0
0 0 0 0 0 0 0
0 0 0 0 0 0 0
0 0 0 0 0 0 0
0 0 0 0 0 0 0
0 0 0 0 0 0 0
0 0 0 0 0 0 0
0 0 0 0 0 0 0
0 0 0 0 0 0 0
0 0 0 0 0 0 0
0 0 0 0 0 0 0
0 0 0 0 0 0 0
0 0 0 0 0 0 0
0 0 0 0 0 0 0
0 0 0 0 0 0 0
0 0 0 0 0 0 0
0 0 0 0 0 0 0
0 0 0 0 0 0 0
0 0 0 0 0 0 0
0 0 0 0 0 0 0
0 0 0 0 0 0 0
0 0 0 0 0 0 0
0 0 0 0 0 0 0
0 0 0 0 0 0 0
0 0 0 0 0 0 0
0 0 0 0 0 0 0
0 0 0 0 0 0 0
0 0 0 0 0 0 0
0 0 0 0 0 0 0
0 0 0 0 0 0 0
0 0 0 0 0 0 0
0 0 0 0 0 0 0
0 0 0 0 0 0 0
0 0 0 0 0 0 0
0 0 0 0 0 0 0
0 0 0 0 0 0 0
0 0 0 0 0 0 0
0 0 0 0 0 0 0
0 0 0 0 0 0 0
0 0 0 0 0 0 0
0 0 0 0 0 0 0
0 0 0 0 0 0 0
0 0 0 0 0 0 0
0 0 0 0 0 0 0
0 0 0 0 0 0 0
0 0 0 0 0 0 0
0 0 0 0 0 0 0
0 0 0 0 0 0 0
0 0 0 0 0 0 0
0 0 0 0 0 0 0
0 0 0 0 0 0 0
0 0 0 0 0 0 0
0 0 0 0 0 0 0
0 0 0 0 0 0 0
0 0 0 0 0 0 0
0 0 0 0 0 0 0
0 0 0 0 0 0 0
0 0 0 0 0 0 0
0 0 0 0 0 0 0
0 0 0 0 0 0 0
0 0 0 0 0 0 0
0 0 0 0 0 0 0
0 0 0 0 0 0 0
0 0 0 0 0 0 0
0 0 0 0 0 0 0
0 0 0 0 0 0 0
0 0 0 0 0 0 0
0 0 0 0 0 0 0
0 0 0 0 0 0 0
0 0 0 0 0 0 0
0 0 0 0 0 0 0
0 0 0 0 0 0 0
0 0 0 0 0 0 0
0 0 0 0 0 0 0
0 0 0 0 0 0 0
0 0 0 0 0 0 0
0 0 0 0 0 0 0
0 0 0 0 0 0 0
0 0 0 0 0 0 0
0 0 0 0 0 0 0
0 0 0 0 0 0 0
0 0 0 0 0 0 0
0 0 0 0 0 0 0
0 0 0 0 0 0 0
0 0 0 0 0 0 0
0 0 0 0 0 0 0
0 0 0 0 0 0 0
0 0 0 0 0 0 0
0 0 0 0 0 0 0
0 0 0 0 0 0 0
0 0 0 0 0 0 0
0 0 0 0 0 0 0
0 0 0 0 0 0 0
0 0 0 0 0 0 0
0 0 0 0 0 0 0
0 0 0 0 0 0 0
0 0 0 0 0 0 0
0 0 0 0 0 0 0
0 0 0 0 0 0 0
0 0 0 0 0 0 0
0 0 0 0 0 0 0
0 0 0 0 0 0 0
0 0 0 0 0 0 0
0 0 0 0 0 0 0
0 0 0 0 0 0 0
0 0 0 0 0 0 0
0 0 0 0 0 0 0
0 0 0 0 0 0 0
0 0 0 0 0 0 0
0 0 0 0 0 0 0
0 0 0 0 0 0 0
0 0 0 0 0 0 0
0 0 0 0 0 0 0
0 0 0 0 0 0 0
0 0 0 0 0 0 0
0 0 0 0 0 0 0
0 0 0 0 0 0 0
0 0 0 0 0 0 0
0 0 0 0 0 0 0
0 0 0 0 0 0 0
0 0 0 0 0 0 0
0 0 0 0 0 0 0
0 0 0 0 0 0 0
0 0 0 0 0 0 0
0 0 0 0 0 0 0
0 0 0 0 0 0 0
0 0 0 0 0 0 0
0 0 0 0 0 0 0
0 0 0 0 0 0 0
0 0 0 0 0 0 0
0 0 0 0 0 0 0
0 0 0 0 0 0 0
0 0 0 0 0 0 0
0 0 0 0 0 0 0
0 0 0 0 0 0 0
0 0 0 0 0 0 0
0 0 0 0 0 0 0
0 0 0 0 0 0 0
0 0 0 0 0 0 0
0 0 0 0 0 0 0
0 0 0 0 0 0 0
0 0 0 0 0 0 0
0 0 0 0 0 0 0
0 0 0 0 0 0 0
0 0 0 0 0 0 0
0 0 0 0 0 0 0
0 0 0 0 0 0 0
0 0 0 0 0 0 0
0 0 0 0 0 0 0
0 0 0 0 0 0 0
0 0 0 0 0 0 0
0 0 0 0 0 0 0
0 0 0 0 0 0 0
0 0 0 0 0 0 0
0 0 0 0 0 0 0
0 0 0 0 0 0 0
0 0 0 0 0 0 0
0 0 0 0 0 0 0
0 0 0 0 0 0 0
0 0 0 0 0 0 0
0 0 0 0 0 0 0
0 0 0 0 0 0 0
0 0 0 0 0 0 0
0 0 0 0 0 0 0
0 0 0 0 0 0 0
0 0 0 0 0 0 0
0 0 0 0 0 0 0
0 0 0 0 0 0 0
0 0 0 0 0 0 0
0 0 0 0 0 0 0
0 0 0 0 0 0 0
0 0 0 0 0 0 0
0 0 0 0 0 0 0
0 0 0 0 0 0 0
0 0 0 0 0 0 0
0 0 0 0 0 0 0
0 0 0 0 0 0 0
0 0 0 0 0 0 0
-1 5.05554 0 -0.509257 65 0.00107284 11.1888
-0.0123901 0.738037 1 -0.702789 283 0.00238265 53.5734
0.0131531 0.64502 1 -0.691788 345 0.00272654 57.1795
0.00189209 0.453613 1 -0.69442 345 0.00297057 65.6004
0.025795 1.35815 1 -0.693069 384 0.0020352 36.3731
-0.00182724 -0.12674 1 -0.693455 394 0.00349837 97.2231
0.0111656 -0.0163765 1 -0.693142 402 0.00356191 90.9382
0.0308075 -0.622574 1 -0.695553 433 0.00296109 121.893
-0.0200806 1.08679 1 -0.68927 555 0.00338541 42.6241
0.00845337 -0.636536 1 -0.689812 640 0.00458881 122.477
0.00650024 0.193481 1 -0.692322 656 0.00579007 79.0499
-0.458496 1.36621 1 -0.466309 361 0.00404116 38.8417
0 0 0 0 0 0 0
0 0 0 0 0 0 0
0 0 0 0 0 0 0
0 0 0 0 0 0 0
0 0 0 0 0 0 0
0 0 0 0 0 0 0
0 0 0 0 0 0 0
0 0 0 0 0 0 0
0 0 0 0 0 0 0
0 0 0 0 0 0 0
0 0 0 0 0 0 0
0 0 0 0 0 0 0
0 0 0 0 0 0 0
0 0 0 0 0 0 0
0 0 0 0 0 0 0
0 0 0 0 0 0 0
0 0 0 0 0 0 0
0 1 0 0.000686234 36 0.00152869 0
0.561707 -5.2356 1 -0.446075 2077 0.00312526 167.643
0.00427246 2.22473 1 -0.751816 2272 0.00980496 24.2038
0.0249023 4.70588 1 -0.747551 2269 0.0048892 12.0005
0.0932922 -2.40747 1 -0.719582 2336 0.00922736 157.355
-0.0409698 -5.46603 1 -0.741798 2344 0.00411622 169.624
0.00939178 2.57483 1 -0.750983 2287 0.00894857 21.2258
-0.0107727 0.194031 1 -0.747379 2357 0.024411 79.0199
0.0140076 3.02688 1 -0.74946 2326 0.00774317 18.2839
-0.366821 7.80737 1 -0.674011 2323 0.00251741 7.7689
-0.163147 5.22583 1 -0.717575 2328 0.00425694 10.9728
0.131622 -4.09827 1 -0.781174 2445 0.00544894 166.174
-0.449524 4.04547 1 -0.548767 1715 0.00515267 15.1639
0 0 0 0 0 0 0
0 0 0 0 0 0 0
0 0 0 0 0 0 0
0 0 0 0 0 0 0
0 0 0 0 0 0 0
0 0 0 0 0 0 0
0 0 0 0 0 0 0
0 0 0 0 0 0 0
0 0 0 0 0 0 0
0 0 0 0 0 0 0
0 0 0 0 0 0 0
0 0 0 0 0 0 0
0 0 0 0 0 0 0
0 0 0 0 0 0 0
0 0 0 0 0 0 0
0 0 0 0 0 0 0
0 0 0 0 0 0 0
0.81543 -4.25562 1 -0.34436 659 0.0041079 163.132
0.00805664 -1.93872 1 -0.840271 1832 0.0111937 152.714
0.0115662 1.37668 1 -0.843979 1867 0.0147689 35.996
-0.00753784 -1.05469 1 -0.848007 1832 0.0171699 136.524
0.0794983 -3.47827 1 -0.81485 1857 0.00669113 163.912
-0.0370483 -0.819275 1 -0.851555 1863 0.0194344 129.308
0.0677567 -6.1709 1 -0.836661 1813 0.00341656 170.774
-0.0890808 -2.0813 1 -0.839859 1845 0.0107118 154.249
0.00123596 -0.281448 1 -0.848631 1839 0.0237296 105.719
-0.165314 3.57593 1 -0.80484 1828 0.0064497 15.825
-0.0994263 4.64819 1 -0.822113 1840 0.00499912 12.1995
-0.0965576 3.66919 1 -0.82457 1835 0.00620489 15.3127
-0.0454712 2.06293 1 -0.841187 1841 0.0105218 25.8849
-1.45215 -4.01367 1 0.0576172 410 0.00320569 156.285
0 0 0 0 0 0 0
0 0 0 0 0 0 0
0 0 0 0 0 0 0
0 0 0 0 0 0 0
0 0 0 0 0 0 0
0 0 0 0 0 0 0
0 0 0 0 0 0 0
0 0 0 0 0 0 0
0 0 0 0 0 0 0
0 0 0 0 0 0 0
0 0 0 0 0 0 0
0 0 0 0 0 0 0
0 0 0 0 0 0 0
0 0 0 0 0 0 0
0 0 0 0 0 0 0
0 1 0 -0.00306602 5 0.000878926 0
0.267334 0.0405273 1 -0.780762 1218 0.0221027 87.7579
0.0135498 -0.09198 1 -0.941406 1472 0.0248372 95.2548
0.019165 -5.75226 1 -0.930008 1481 0.0038636 170.136
-0.0159607 -0.594849 1 -0.952164 1463 0.0210295 120.743
-0.0816345 4.70288 1 -0.986671 1449 0.00487268 12.0431
0.0403137 3.61066 1 -0.953022 1459 0.00644852 15.4925
-0.0180702 0.485229 1 -0.948758 1425 0.0221354 64.1196
-0.00268555 -2.23413 1 -0.939082 1481 0.00965843 155.887
-0.0382385 -1.11877 1 -0.939917 1492 0.0167217 138.188
0.0862427 -4.13367 1 -0.971283 1501 0.00537577 166.352
-0.00180054 4.40295 1 -0.946991 1435 0.00524594 12.796
-0.237976 5.00586 1 -0.852356 1510 0.00460089 11.6041
-0.261658 3.06689 1 -0.827606 1552 0.00743982 18.6259
-0.450684 -3.97974 1 -0.628113 1069 0.00514891 164.591
0 0 0 0 0 0 0
0 0 0 0 0 0 0
0 0 0 0 0 0 0
0 0 0 0 0 0 0
0 0 0 0 0 0 0
0 0 0 0 0 0 0
0 0 0 0 0 0 0
0 0 0 0 0 0 0
0 0 0 0 0 0 0
0 0 0 0 0 0 0
0 0 0 0 0 0 0
0 0 0 0 0 0 0
0 0 0 0 0 0 0
0 0 0 0 0 0 0
0 0 0 0 0 0 0
0.984863 -0.171875 1 -0.346924 364 0.0132755 96.9815
-0.124878 -4.04102 1 -1.11755 1224 0.0055384 165.997
0.036438 0.457214 1 -1.0275 1155 0.0217375 65.4438
-0.0169678 1.54349 1 -1.05797 1172 0.0131364 32.9423
0.00219727 -0.610107 1 -1.04562 1208 0.0216705 121.388
0.0687256 5.56145 1 -1.04826 1210 0.00422252 10.2169
-0.00663757 0.799316 1 -1.0508 1215 0.0196377 51.3647
-0.0221252 0.25116 1 -1.04856 1200 0.0246371 75.9045
0.0124283 0.0322876 1 -1.04659 1242 0.0257953 88.1508
-0.00811768 0.287476 1 -1.04615 1223 0.0242906 73.9619
0.00247192 -1.82812 1 -1.04951 1221 0.011631 151.321
-0.0606689 -2.77368 1 -1.02686 1228 0.00856812 160.141
-0.193054 5.08496 1 -0.960999 1185 0.00433989 11.3259
-0.444702 5.87402 1 -0.830078 1212 0.00344097 10.5541
-0.0948486 2.72729 1 -1.01392 1224 0.0083902 20.2192
-1.47754 -3.71094 1 0.0244141 224 0.00297924 154.323
0 0 0 0 0 0 0
0 0 0 0 0 0 0
0 0 0 0 0 0 0
0 0 0 0 0 0 0
0 0 0 0 0 0 0
0 0 0 0 0 0 0
0 0 0 0 0 0 0
0 0 0 0 0 0 0
0 0 0 0 0 0 0
0 0 0 0 0 0 0
0 0 0 0 0 0 0
0 0 0 0 0 0 0
0 0 0 0 0 0 0
0 0 0 0 0 0 0
0.533813 4.9292 1 -0.780762 778 0.004328 12.951
0.00384521 -0.921631 1 -1.14276 972 0.0181173 132.664
0.0210571 -1.88196 1 -1.12839 1035 0.0118527 152.01
-0.00604248 1.8468 1 -1.15121 981 0.011686 28.4349
-0.0333862 1.37476 1 -1.16116 965 0.0144356 36.0474
0.0239868 2.74121 1 -1.14931 962 0.00826062 20.0474
-0.0565948 -3.99518 1 -1.1444 1011 0.00564379 165.926
-0.0480499 -0.703583 1 -1.15021 979 0.0205325 125.098
0.0266037 2.44617 1 -1.15573 999 0.00954073 22.242
0.01091 2.09082 1 -1.15395 1037 0.0113072 25.5622
0.026001 1.14355 1 -1.15533 1011 0.0168708 41.1782
0.0119019 -1.56158 1 -1.15326 1034 0.0134685 147.364
0.104675 5.75952 1 -1.18155 985 0.0039692 9.90256
-0.380981 6.39209 1 -0.939636 986 0.00305318 9.5039
-0.376343 5.16455 1 -0.941589 1014 0.00405352 11.6888
-0.365967 0.240234 1 -0.886597 681 0.0213783 77.2868
0 0 0 0 0 0 0
0 0 0 0 0 0 0
0 0 0 0 0 0 0
0 0 0 0 0 0 0
0 0 0 0 0 0 0
0 0 0 0 0 0 0
0 0 0 0 0 0 0
0 0 0 0 0 0 0
0 0 0 0 0 0 0
0 0 0 0 0 0 0
0 0 0 0 0 0 0
0 0 0 0 0 0 0
0 0 0 0 0 0 0
-1 -1.41431 0 -0.807946 204 0.00564722 144.737
0.0762939 2.23145 1 -1.19666 813 0.00977044 24.2012
0.00720215 -2.78369 1 -1.23004 836 0.00805162 160.239
0.00744629 -2.05212 1 -1.23682 863 0.0114899 154.019
0.00469971 1.9812 1 -1.24686 850 0.0114191 26.7824
-0.126831 2.62549 1 -1.29514 840 0.00905066 21.0034
0.0110168 -0.544067 1 -1.24376 844 0.0227104 118.548
0.0206909 -2.91943 1 -1.23589 822 0.00778699 161.088
-0.0961685 -3.64093 1 -1.24388 793 0.00577953 164.575
-0.00297546 -0.536743 1 -1.24844 838 0.0222669 118.224
-0.036438 3.58371 1 -1.24902 795 0.00640329 15.6011
0.000823975 -5.776 1 -1.23985 839 0.00381655 170.178
-0.0830078 -2.39014 1 -1.21828 828 0.00937279 157.226
-0.0846558 -3.56348 1 -1.21597 819 0.00631894 164.271
0.00506592 -0.10498 1 -1.25177 821 0.0235768 95.9929
-0.405518 5.43945 1 -1 828 0.00393846 11.2208
-0.0723877 2.35901 1 -1.21594 838 0.00936426 23.0263
-1 -1.11621 0 0.824635 144 0.00539078 138.143
0 0 0 0 0 0 0
0 0 0 0 0 0 0
0 0 0 0 0 0 0
0 0 0 0 0 0 0
0 0 0 0 0 0 0
0 0 0 0 0 0 0
0 0 0 0 0 0 0
0 0 0 0 0 0 0
0 0 0 0 0 0 0
0 0 0 0 0 0 0
0 0 0 0 0 0 0
0 0 0 0 0 0 0
0.507324 2.44336 1 -0.939697 517 0.00855083 24.6518
-0.0588379 2.69556 1 -1.39551 693 0.00856793 20.3862
-0.0360107 -0.381104 1 -1.36908 670 0.0221318 110.85
-0.135376 -2.83252 1 -1.41467 686 0.00750666 160.391
0.0101929 1.86377 1 -1.34427 704 0.0116893 28.2169
-0.0316772 -1.65076 1 -1.36151 694 0.0123268 148.781
0.0977783 -2.65771 1 -1.31411 691 0.00796207 159.291
0.0324097 1.82678 1 -1.34866 681 0.0117178 28.7094
-0.013504 -1.39868 1 -1.34265 688 0.0143007 144.434
-0.00601196 -0.508301 1 -1.34637 692 0.0218102 116.944
0.077301 -3.54987 1 -1.35717 710 0.00649482 164.223
0.00796509 -2.4292 1 -1.34884 699 0.00899832 157.624
0.0739136 -3.30237 1 -1.3681 725 0.00705972 163.11
-0.207886 -4.47314 1 -1.25497 705 0.00480165 167.138
0.069458 -0.96936 1 -1.38849 705 0.0175581 134.04
-0.137207 5.22119 1 -1.25195 649 0.0039028 10.9415
-0.405762 4.42676 1 -1.07275 721 0.00479191 13.7007
-0.422607 -1.45898 1 -0.986816 436 0.011873 143.347
0 0 0 0 0 0 0
0 0 0 0 0 0 0
0 0 0 0 0 0 0
0 0 0 0 0 0 0
0 0 0 0 0 0 0
0 0 0 0 0 0 0
0 0 0 0 0 0 0
0 0 0 0 0 0 0
0 0 0 0 0 0 0
0 0 0 0 0 0 0
0 0 0 0 0 0 0
-1 -1.68188 0 -0.900969 128 0.00421941 149.266
-0.14209 -0.890625 1 -1.56763 636 0.0174282 131.405
-0.00732422 -0.773438 1 -1.45056 622 0.0218363 127.719
-0.0758057 1.79297 1 -1.50397 606 0.0123402 29.2198
0.0521851 -2.61865 1 -1.41571 593 0.00862559 159.073
-0.0305176 -0.0405273 1 -1.4621 601 0.0252028 92.3197
0.00946045 3.13062 1 -1.45082 581 0.00750208 17.7156
-0.0160522 2.79077 1 -1.46114 573 0.00813107 19.7162
0.046875 2.20703 1 -1.44597 593 0.0101674 24.3988
-0.0732727 -0.838501 1 -1.44816 573 0.0185601 129.904
0.00801086 1.40918 1 -1.45252 588 0.0145128 35.3616
-0.0245972 -0.0991211 1 -1.44539 606 0.0250563 95.659
0.0615234 -0.316483 1 -1.46389 608 0.0241948 107.531
-0.00976562 -0.115723 1 -1.44702 611 0.0253883 96.6007
-0.210083 -4.62207 1 -1.34528 638 0.00539766 167.534
-0.0528564 -2.29639 1 -1.42529 622 0.0103243 156.439
-0.00720215 0.898865 1 -1.43982 623 0.0193843 48.0495
-0.562012 4.95898 1 -1.04199 641 0.00414726 13.0245
-0.0252686 -0.47052 1 -1.42065 616 0.0227829 115.191
-1 -1.40332 0 0.925953 93 0.0047567 144.526
0 0 0 0 0 0 0
0 0 0 0 0 0 0
0 0 0 0 0 0 0
0 0 0 0 0 0 0
0 0 0 0 0 0 0
0 0 0 0 0 0 0
0 0 0 0 0 0 0
0 0 0 0 0 0 0
0 0 0 0 0 0 0
0 0 0 0 0 0 0
0.769531 3.98535 1 -0.866211 312 0.00460316 17.5685
0.0231934 -1.46087 1 -1.52295 463 0.0128999 145.6
0.0426025 -0.530518 1 -1.51453 449 0.0196722 117.925
-0.0317383 0.85083 1 -1.56952 458 0.0177997 49.6221
-0.0247803 1.69189 1 -1.56317 458 0.0117668 30.5931
-0.0812988 -0.126709 1 -1.58435 475 0.0245753 97.1979
-0.0252075 -0.510742 1 -1.55507 477 0.0227467 117.048
-0.014679 2.76807 1 -1.55649 479 0.00853442 19.8649
0.0402832 1.7262 1 -1.54549 501 0.0132295 30.1042
-0.0521317 1.52161 1 -1.55252 485 0.0145503 33.3486
0.0749969 3.09253 1 -1.55911 472 0.00790991 17.9662
0.0065918 0.0807552 1 -1.55087 484 0.0264842 85.3832
0.00369263 -1.79016 1 -1.5449 476 0.0117847 150.812
-0.0616455 -0.322144 1 -1.52834 481 0.0246644 107.824
0.0498047 0.0922852 1 -1.57477 452 0.0254289 84.7339
-0.158936 -3.54688 1 -1.46643 467 0.00646041 164.067
-0.0200195 -0.859375 1 -1.53723 474 0.0192626 130.669
-0.256836 4.54102 1 -1.35388 455 0.00483963 12.8091
-0.114258 2.40234 1 -1.46741 482 0.00921918 22.7321
-0.414795 0.132812 1 -1.16382 283 0.0199646 83.006
0 0 0 0 0 0 0
0 0 0 0 0 0 0
0 0 0 0 0 0 0
0 0 0 0 0 0 0
0 0 0 0 0 0 0
0 0 0 0 0 0 0
0 0 0 0 0 0 0
0 0 0 0 0 0 0
0 0 0 0 0 0 0
-1 -0.973145 0 -0.999765 72 0.004313 134.22
0.17041 3.56152 1 -1.50879 438 0.00612954 15.8984
-0.0537109 1.71777 1 -1.70117 433 0.0129137 30.2417
-0.0581055 0.723267 1 -1.69189 461 0.0204302 54.1689
-0.0452881 4.82617 1 -1.69202 442 0.00477364 11.7179
0.216309 5.14502 1 -1.53333 441 0.00439956 11.247
0.019165 -1.17554 1 -1.63974 433 0.0154558 139.608
0.121094 -1.69092 1 -1.59869 418 0.011379 149.217
0.0641479 -1.55005 1 -1.63081 446 0.0137644 147.119
-0.00650024 -0.781876 1 -1.64753 429 0.0189756 128.02
-0.0366287 0.318314 1 -1.65327 418 0.0237597 72.3541
-0.0106125 -0.860474 1 -1.64576 458 0.0194977 130.71
-0.0317078 -0.808319 1 -1.64518 434 0.018952 128.935
0.0684814 -4.00702 1 -1.65677 453 0.00565495 165.956
-0.0133057 0.80957 1 -1.6479 423 0.0187978 51.0099
-0.0888062 -4.38159 1 -1.59586 437 0.00418512 167.095
-0.133301 -2.46191 1 -1.57874 436 0.00841993 157.717
-0.020874 1.30103 1 -1.62891 453 0.0155794 37.5528
0.0429688 1.40039 1 -1.67798 449 0.0142516 35.5551
-0.323975 3.41895 1 -1.38574 437 0.00640392 17.0903
-0.0964355 2.28027 1 -1.573 461 0.0100458 23.7773
-1 -0.832703 0 1.02149 74 0.00628434 129.784
0 0 0 0 0 0 0
0 0 0 0 0 0 0
0 0 0 0 0 0 0
0 0 0 0 0 0 0
0 0 0 0 0 0 0
0 0 0 0 0 0 0
0 0 0 0 0 0 0
0 0 0 0 0 0 0
0.532471 1.37244 1 -1.2207 229 0.0117468 39.5392
0.0285645 1.17676 1 -1.72437 391 0.0158598 40.3692
0.0181885 0.871094 1 -1.73706 392 0.0200003 48.9458
0.0771484 -1.71387 1 -1.68604 383 0.0130634 149.663
-0.0321045 -0.710449 1 -1.76581 394 0.0202778 125.378
0.00610352 -1.78857 1 -1.74274 378 0.0117034 150.79
0.101074 -3.74487 1 -1.69592 402 0.00619116 164.976
-0.00482178 -3.13306 1 -1.74326 395 0.00736669 162.298
0.00305176 -1.30444 1 -1.74442 382 0.0155066 142.526
-0.170776 -2.39136 1 -1.76663 378 0.00908206 157.012
-0.0419235 -3.78056 1 -1.74835 372 0.00578103 165.172
-0.0645981 0.700745 1 -1.74724 369 0.0197494 55.0354
0.0647278 -4.45273 1 -1.74463 403 0.00512203 167.317
-0.0236206 3.26487 1 -1.75292 363 0.00691789 17.0338
-0.0189209 1.64136 1 -1.74442 383 0.013077 31.3565
-0.0032959 4.10059 1 -1.76019 390 0.00582254 13.7051
-0.0307617 -3.10205 1 -1.7298 398 0.00689132 162.124
-0.00195312 -0.45166 1 -1.75128 380 0.0227071 114.307
-0.199707 4.07422 1 -1.5863 392 0.00571016 14.052
-0.292725 4.26953 1 -1.49731 395 0.00523235 13.7147
0.0634766 0.510742 1 -1.80908 395 0.021167 62.9913
-0.535645 -0.514648 1 -1.20605 229 0.0155195 114.402
0 0 0 0 0 0 0
0 0 0 0 0 0 0
0 0 0 0 0 0 0
0 0 0 0 0 0 0
0 0 0 0 0 0 0
0 0 0 0 0 0 0
0 0 0 0 0 0 0
-1 -0.104065 0 -1.10905 42 0.00612969 95.9411
0.177979 1.88287 1 -1.67603 327 0.0114287 28.3446
0.045166 -0.53418 1 -1.80298 358 0.0225855 118.086
0.0449219 -3.0354 1 -1.78772 354 0.00679457 161.749
-0.356689 -2.66406 1 -2.09656 355 0.00690168 158.271
-0.0227051 -0.790039 1 -1.85931 343 0.0194112 128.303
-0.12915 -2.09912 1 -1.91687 357 0.0107041 154.343
-0.0393066 -1.55302 1 -1.86093 325 0.0123096 147.202
0.0241699 -0.644409 1 -1.8382 335 0.0213401 122.79
0.0754395 -2.86914 1 -1.81944 331 0.0073159 160.734
-0.0769653 -2.70221 1 -1.85429 332 0.0082139 159.637
0.108734 1.58649 1 -1.84476 300 0.0125021 32.3763
0.0554733 -2.336 1 -1.839 348 0.00967427 156.793
0.0187683 -0.416382 1 -1.85075 316 0.0201848 112.602
-0.24054 -4.86206 1 -1.77585 356 0.0038585 168.056
0.0288696 0.136261 1 -1.85721 309 0.0224314 82.2438
-0.0530396 -0.837646 1 -1.82074 322 0.0181185 129.911
0.064209 0.0209961 1 -1.88165 295 0.0218129 88.7997
0.0570068 1.97461 1 -1.87402 282 0.00974423 26.8965
-0.169067 1.59131 1 -1.71155 297 0.0114465 32.5106
0.0598145 1.85645 1 -1.8927 334 0.0107752 28.3525
-0.104248 1.91406 1 -1.76074 349 0.0113404 27.7121
-0.159424 2.07031 1 -1.698 288 0.0100023 26.0641
-1 0.365662 0 1.10728 47 0.00525077 69.9145
0 0 0 0 0 0 0
0 0 0 0 0 0 0
0 0 0 0 0 0 0
0 0 0 0 0 0 0
0 0 0 0 0 0 0
0 0 0 0 0 0 0
0.27832 0.0222168 1 -1.61816 124 0.0115845 88.7739
-0.105469 -1.99951 1 -2.04175 364 0.010041 153.302
0.036377 -1.38806 1 -1.90308 282 0.0130308 144.212
0.00317383 -2.36865 1 -1.92773 274 0.00752079 157.111
-0.0914307 -2.31097 1 -2.00366 290 0.00659089 156.514
-0.358154 -3.49609 1 -2.16418 298 0.00514955 163.1
0.0222168 0.881226 1 -1.93732 278 0.0169321 48.6197
0.092041 -0.990967 1 -1.89893 290 0.0163593 134.619
0.0386353 -1.59131 1 -1.9245 291 0.0115865 147.835
0.201416 -1.98816 1 -1.88686 296 0.00995164 152.839
-0.0214539 -0.46521 1 -1.9502 297 0.0218336 114.943
-0.102837 -2.6896 1 -1.95026 306 0.0073256 159.506
0.130493 -2.45233 1 -1.94681 329 0.00950966 157.646
-0.154724 -3.20142 1 -1.91694 324 0.00778324 162.459
0.0842285 -0.863892 1 -1.97115 314 0.0199876 130.723
-0.171021 -4.23633 1 -1.88733 336 0.00549317 166.532
-0.0915527 1.23242 1 -1.90491 285 0.0156736 39.1733
0.0325928 -0.557617 1 -1.96259 295 0.0230786 119.132
-0.242432 -4.51953 1 -1.80908 327 0.0050111 167.174
-0.0378418 -2.50507 1 -1.9408 317 0.00927646 158.224
0.0146484 1.14258 1 -1.95312 289 0.0155341 41.1959
-0.799316 5.3457 1 -1.19043 285 0.00317073 13.4676
0.0285645 1.71973 1 -1.98828 279 0.0122757 30.1876
-0.558594 1.22821 1 -1.32715 175 0.0134554 43.0028
0 0 0 0 0 0 0
0 0 0 0 0 0 0
0 0 0 0 0 0 0
0 0 0 0 0 0 0
0 0 0 0 0 0 0
0 1 0 -0.0146055 19 0.00257274 0
-1 -0.561005 0 -1.15464 96 0.0088389 119.293
0.0146484 -0.632935 1 -2.02637 183 0.015356 122.328
0.110596 -0.375732 1 -1.93701 273 0.0246837 110.478
0.0168457 -0.231659 1 -2.02466 277 0.0249494 103.041
0.0582275 1.97754 1 -2.01489 270 0.0116517 26.8638
-0.0244141 -0.21875 1 -2.06006 269 0.0254819 102.336
-0.00427246 -2.89362 1 -2.03503 290 0.00802912 160.935
0.0531006 -0.500977 1 -2.01855 266 0.0222179 116.578
0.0065918 2.19287 1 -2.04712 256 0.0101387 24.5146
0.102356 1.96558 1 -2.02536 246 0.010688 27.0859
-0.0758362 -1.44354 1 -2.05588 251 0.0129972 145.211
-0.000289917 1.65332 1 -2.04945 231 0.0121478 31.1674
0.166748 4.21497 1 -2.0716 196 0.00424936 13.5242
-0.00137329 0.248535 1 -2.04922 217 0.0201416 76.0428
-0.144104 6.61743 1 -2.03964 208 0.00266457 8.68073
0.146851 3.67578 1 -2.10461 212 0.00539748 15.3746
0.0246582 -0.578125 1 -2.05823 244 0.0194897 120.026
0.134399 0.233398 1 -2.1225 255 0.0244736 76.9755
-0.00927734 -0.496094 1 -2.04321 245 0.0213194 116.385
0.0130615 0.0281982 1 -2.0553 244 0.0219413 88.3849
-0.106445 -1.43372 1 -1.96387 262 0.0131905 144.953
-0.113281 1.48926 1 -1.93115 256 0.0123863 34.0496
-0.216797 0.748047 1 -1.82495 269 0.0196688 53.8308
-0.219727 -2.67041 1 -1.78491 301 0.00746271 159.023
-1 0.671295 0 1.20728 33 0.004441 56.1267
0 0 0 0 0 0 0
0 0 0 0 0 0 0
0 0 0 0 0 0 0
0 0 0 0 0 0 0
-1 2.37646 0 -1.26005 108 0.004988 22.821
0.0415039 1.61914 1 -2.11572 241 0.0117168 31.722
-1 3.44943 0 -1.09599 39 0.00384151 16.167
-0.453613 -0.812973 1 -2.55981 237 0.00968471 126.515
-0.041748 -2.31201 1 -2.16895 240 0.0084939 156.592
0.0148926 -2.65149 1 -2.1106 232 0.00714637 159.334
-0.0166016 -1.34375 1 -2.14539 246 0.0145142 143.34
-0.0699463 5.68698 1 -2.20447 205 0.0033435 9.99684
-0.00219727 -0.404297 1 -2.14667 241 0.024392 112.013
-0.123718 2.47522 1 -2.18903 212 0.00872574 22.1505
0.0768433 -0.743454 1 -2.12749 241 0.0197446 126.548
0.0362549 0.0802765 1 -2.14222 241 0.026054 85.4133
0.134628 1.32318 1 -2.14036 229 0.015185 37.3282
0.0132446 0.338013 1 -2.14509 247 0.0259792 71.3256
-0.0703735 -1.48877 1 -2.13696 250 0.0151766 146.045
0.0344849 2.26599 1 -2.1591 245 0.0108599 23.8248
-0.0140381 0.164032 1 -2.14349 253 0.0284472 80.6855
-0.00585938 1.21924 1 -2.13995 246 0.0168707 39.3585
0.00280762 -0.821289 1 -2.15228 238 0.0198236 129.396
0.0350342 0.666992 1 -2.16418 230 0.0216058 56.3132
-0.0812988 0.175049 1 -2.08142 236 0.0255441 80.103
-0.0700684 2.04199 1 -2.073 245 0.0112137 26.1473
-0.0817871 0.78479 1 -2.06543 234 0.021047 51.9683
-0.015625 -0.384766 1 -2.13574 259 0.0211884 111.043
-0.0861816 3.48059 1 -2.07593 210 0.00601078 16.0861
-0.244141 -1.1084 1 -1.85742 131 0.0105379 137.117
0 0 0 0 0 0 0
0 0 0 0 0 0 0
0 0 0 0 0 0 0
0 1 0 -0.0122864 15 0.00225163 0
-0.11377 1.12891 1 -2.41455 225 0.0176079 41.7179
0.170166 0.461914 1 -2.05835 226 0.0247692 65.517
-0.386719 -1.37573 1 -2.6499 201 0.0145733 142.069
-1 5.16522 0 -0.994621 19 0.00450361 10.957
-0.0441895 0.861816 1 -2.29785 239 0.0214912 49.2723
-0.0241699 1.71973 1 -2.27979 231 0.0142034 30.1847
0.242432 3.54468 1 -2.11389 224 0.00728959 16.1872
0.27063 -3.43652 1 -2.07898 252 0.00690705 163.224
0.180054 3.1792 1 -2.18042 226 0.00781644 17.724
0.0927734 -1.77344 1 -2.21194 242 0.0137751 150.477
-0 -2.66132 1 -2.24153 226 0.0081628 159.406
0.186066 5.65198 1 -2.22807 210 0.00407575 10.2021
0.00370789 3.41754 1 -2.24599 204 0.00707011 16.31
0.0171051 0.610931 1 -2.25202 193 0.019165 58.5817
-0.0789185 4.38397 1 -2.2418 185 0.00477932 12.8881
-0.0581055 -1.22021 1 -2.23375 189 0.013364 140.617
-0.0999146 1.91107 1 -2.21198 186 0.0107464 27.7386
0.0758057 -0.297363 1 -2.28204 202 0.0227654 106.516
0.0162354 0.751892 1 -2.25342 185 0.0172571 53.0644
-0.187744 -2.23242 1 -2.13672 195 0.007373 155.498
-0.0258789 -0.511719 1 -2.22937 199 0.0186609 117.092
0.0527344 -0.801758 1 -2.29517 201 0.0163297 128.682
-0.0419922 -0.866211 1 -2.21362 195 0.0164767 130.874
-0.501953 2.33008 1 -1.71143 169 0.00772914 25.6504
0.0375977 0.14209 1 -2.29492 202 0.0226836 81.9186
0.0195312 0.96875 1 -2.28223 166 0.0183026 45.9148
-1 0.496216 0 1.31133 19 0.00350544 63.6087
0 0 0 0 0 0 0
0 0 0 0 0 0 0
-1 -1.77844 0 -1.29928 116 0.00479496 150.651
0.0742188 2.66016 1 -2.30273 198 0.00935225 20.654
0.0263672 -0.724121 1 -2.31934 193 0.0223798 125.9
-0.0893555 -1.60449 1 -2.43579 206 0.00997062 147.964
-0.376465 -1.69092 1 -2.71509 90 0.00699152 147.711
0.0527344 0.0117645 1 -2.30957 194 0.0238195 89.3269
0.0632324 1.70288 1 -2.32019 180 0.0120509 30.4731
-0.162109 -0.625977 1 -2.45264 189 0.0197571 121.712
0.0603027 -0.333984 1 -2.30951 182 0.0227232 108.437
-0.0844727 -1.67053 1 -2.38287 195 0.011297 149.005
-0.0892944 -0.613983 1 -2.38113 187 0.0189084 121.448
0.169861 6.80457 1 -2.32224 171 0.00280202 8.47841
0.0926208 2.99768 1 -2.33495 172 0.00734487 18.5218
0.00315857 3.99989 1 -2.34091 160 0.00549453 14.0367
0.0809326 -0.359436 1 -2.35246 195 0.0231582 109.711
0.0698853 2.45728 1 -2.35429 183 0.00925407 22.1929
0.0471802 5.79706 1 -2.34476 172 0.00354903 9.79796
0.0834961 0.804993 1 -2.37076 182 0.0181481 51.2634
0.0203857 0.90625 1 -2.34723 170 0.0176556 47.8215
-0.0333252 2.60156 1 -2.31232 188 0.00868571 21.0366
0.195068 3.05078 1 -2.4541 179 0.00765828 18.4674
-0.0981445 -0.726562 1 -2.27466 184 0.0191455 125.87
0.00683594 2.11328 1 -2.32886 189 0.0104342 25.3239
-0.25415 2.04199 1 -2.08813 199 0.0113652 26.8069
0.158447 -1.71143 1 -2.52417 230 0.011913 149.392
-0.258545 -0.578613 1 -2.05908 175 0.0198064 119.257
-0.154053 -2.26904 1 -2.16211 205 0.00904348 155.967
-1 -0.446946 0 1.30783 34 0.00462558 114.082
0 0 0 0 0 0 0
0 1 0 -0.026651 9 0.00421017 0
-0.0185547 -1.04187 1 -2.46436 121 0.0162519 136.17
-0.0756836 0.562988 1 -2.55225 146 0.0193102 60.6909
0.416504 -0.801758 1 -1.94189 146 0.0118963 126.506
0.306641 0.419678 1 -2.08887 74 0.010501 68.1375
-1 1.51257 0 -0.952121 92 0.00964699 33.4697
-0.0605469 0.726242 1 -2.50464 153 0.0177065 54.0611
-0.029541 0.115021 1 -2.46667 165 0.0218959 83.4415
-0.0859375 -0.879883 1 -2.49951 162 0.0156149 131.239
0.239746 1.3186 1 -2.32471 150 0.0144462 37.9496
0.0487061 0.176392 1 -2.42078 157 0.0212448 80.008
0.240601 3.46216 1 -2.37289 142 0.00575113 16.5456
-0.0509644 0.552734 1 -2.45723 142 0.0180696 61.1005
0.000549316 0.416138 1 -2.44371 140 0.0185363 67.406
-0.152542 -0.16394 1 -2.45302 142 0.0203533 99.2056
-0.129288 2.93164 1 -2.44066 163 0.00777165 18.9804
-0.0965881 -0.849976 1 -2.42717 187 0.0196493 130.233
0.10022 -0.667114 1 -2.46837 191 0.0220014 123.576
-0.00170898 -1.21924 1 -2.4512 176 0.0164496 140.642
-0.0350342 4.71362 1 -2.40356 158 0.00467664 11.9849
0.0664062 -0.769531 1 -2.48657 198 0.0200621 127.519
-0.032959 -2.15527 1 -2.42786 201 0.0117317 155.098
-0.423584 -3.49072 1 -2.15747 205 0.00618555 162.718
0.081543 -0.651123 1 -2.52271 180 0.0220893 122.982
0.313721 -0.315918 1 -2.75146 201 0.0225876 106.775
-0.198242 0.500732 1 -2.24316 180 0.0251272 63.8409
0.196777 -0.760742 1 -2.68213 207 0.0184669 126.739
-0.0168457 0.567383 1 -2.43799 155 0.0206233 60.4337
0 1 0 -0.00706274 9 0.00470961 0
0 0 0 0 0 0 0
-1 -0.288452 0 -1.42076 32 0.0111258 106.09
0.581055 1.50586 1 -1.79688 130 0.0117879 37.5256
-1 -2.17847 0 -1.21917 95 0.00622619 155.343
0 1 0 -0.0109393 13 0.00252527 0
-1 -1.10419 0 -1.01345 84 0.00701872 137.835
-0.131104 -1.53271 1 -2.65063 160 0.0112132 146.654
0.0493164 -2.13232 1 -2.48193 156 0.0074436 154.848
0.0979004 -2.39893 1 -2.44714 153 0.00669166 157.274
0.0180664 -1.3064 1 -2.51562 161 0.011728 142.563
-0.481201 -2.9917 1 -2.76526 181 0.00502339 159.648
-0.0249023 1.54004 1 -2.56744 158 0.01388 33.0052
0.14502 -0.380127 1 -2.49466 174 0.0244254 110.616
0.0189819 -3.49829 1 -2.52635 179 0.00504839 164.044
-0.253845 -2.18994 1 -2.59214 189 0.0106313 154.774
0.031189 2.37427 1 -2.5361 161 0.0113018 22.8499
-0.103043 -0.195976 1 -2.53923 148 0.0234593 101.031
-0.103821 4.45087 1 -2.5275 124 0.00419759 12.7285
-0.291748 -1.12207 1 -2.47025 150 0.0150394 137.127
0.146729 0.295898 1 -2.59415 136 0.0222521 73.6819
0.0161133 2.40649 1 -2.53503 153 0.00970533 22.5676
-0.251709 4.15723 1 -2.37305 133 0.00483914 13.9309
0.0368652 -0.643555 1 -2.5802 132 0.0163622 122.746
0.0681152 0.181152 1 -2.60181 140 0.0209768 79.7553
-0.318848 -4.10742 1 -2.29883 153 0.00452761 165.666
0.0561523 0.44043 1 -2.59399 112 0.0226765 66.2631
-0.165527 0.00976562 1 -2.37842 142 0.0196947 89.448
0.165039 1.34131 1 -2.74365 156 0.0133839 37.0756
0.0205078 0.1875 1 -2.5752 114 0.0204092 79.3825
-1 1.13058 0 1.33637 86 0.0106739 41.4929
0 0 0 0 0 0 0
-1 -1.7168 0 -1.40995 60 0.00938171 149.78
-1 -2.04846 0 -1.34441 26 0.0050073 153.98
0 0 0 0 0 0 0
-1 -1.37952 0 -1.11086 71 0.00739104 144.062
0.13623 0.556885 1 -2.51196 136 0.0197176 61.1106
0.0368652 1.9082 1 -2.63281 134 0.0111458 27.6729
0.052002 3.57471 1 -2.64551 137 0.00672086 15.6487
0.041748 2.84375 1 -2.6438 140 0.00823608 19.3898
0.165039 -0.980469 1 -2.52734 131 0.0143755 134.05
0.10437 2.74585 1 -2.61853 114 0.00760678 20.1109
-0.174805 -0.227783 1 -2.71808 160 0.0226541 102.647
0.0333252 1.62964 1 -2.64212 144 0.0134401 31.5488
0.0388184 2.96509 1 -2.64793 147 0.00862134 18.6502
0.121216 3.99768 1 -2.63371 148 0.00640793 14.1427
0.0729218 0.155121 1 -2.65168 137 0.0255249 81.2055
-0.124451 0.0222168 1 -2.6364 158 0.0280316 88.737
0.0162354 3.03125 1 -2.64146 149 0.00815595 18.2598
0.0512085 2.40564 1 -2.65727 129 0.00938813 22.5988
0.18396 4.88184 1 -2.69327 126 0.00461168 11.7653
0.0640869 2.9043 1 -2.65521 146 0.0085854 19.0356
-0.059082 1.41211 1 -2.59998 148 0.0151737 35.3517
-0.0397949 1.67773 1 -2.61194 123 0.0116651 30.8167
-0.230713 1.64941 1 -2.4624 116 0.0113191 31.89
-0.142334 -0.889648 1 -2.53076 136 0.0178268 131.373
-0.00390625 0.538574 1 -2.6377 119 0.0190971 61.6944
0.149414 -0.0322266 1 -2.80127 150 0.0230689 91.8256
0.076416 0.918945 1 -2.73828 124 0.0158914 47.5018
-0.0332031 -0.451477 1 -2.60889 145 0.0211383 114.286
-1 -3.22003 0 1.36488 74 0.00751541 162.748
0 1 0 0.00133432 12 0.00215256 0
-1 -0.563416 0 -1.44148 43 0.00941295 119.398
0 0 0 0 0 0 0
0 1 0 -0.00764682 4 0.00222891 0
-1 1.36298 0 -1.15588 86 0.0117567 36.2671
0.0622559 -2.57275 1 -2.64941 126 0.00614416 158.722
-0.0322266 -1.29016 1 -2.76416 131 0.0111577 142.206
-0.0178223 -0.501038 1 -2.75342 120 0.0177845 116.609
-0.137939 -2.1178 1 -2.82703 133 0.00668216 154.515
0.309326 -1.20117 1 -2.51868 132 0.011732 138.93
0.00585938 1.6604 1 -2.75537 115 0.0125737 31.0595
-0.409912 -1.18945 1 -2.90118 139 0.0123791 137.741
-0.0389404 -0.334167 1 -2.75177 123 0.0210014 108.465
0.14093 1.47656 1 -2.71457 111 0.0130356 34.3698
-0.00958252 0.695312 1 -2.74615 115 0.0182392 55.1899
0.0942841 0.506836 1 -2.73453 110 0.0184505 63.2246
-0.211121 -1.14526 1 -2.71854 124 0.0160617 138.254
-1 2.49509 0 0.154106 114 0.00871254 21.8402
-0.0875244 1.586 1 -2.71689 117 0.0135007 32.3309
0.224609 0.153809 1 -2.8186 129 0.0237227 81.4653
-0.258423 0.193604 1 -2.63293 123 0.0237992 79.3834
-0.0866699 3.12646 1 -2.67004 108 0.00688091 17.7992
-0.260742 2.06445 1 -2.56152 134 0.0111572 26.5919
0.0869141 1.16602 1 -2.7937 114 0.0152019 40.7237
-1 -0.621582 0 0.838864 103 0.0189416 121.864
-0.00927734 -0.458008 1 -2.73364 121 0.0230433 114.607
-0.0754395 0.196732 1 -2.66357 121 0.0256348 78.901
-0.0944824 -1.59033 1 -2.64697 132 0.0134113 147.723
-0.202148 1.41406 1 -2.49805 114 0.0119095 35.8099
-1 -1.37867 0 1.36558 48 0.00801657 144.045
-1 1.30087 0 1.42077 21 0.00412951 37.5502
0 0 0 0 0 0 0
0 0 0 0 0 0 0
-1 -0.381226 0 -1.21413 39 0.00777547 110.868
-0.130371 -0.351562 1 -2.98096 82 0.0163662 109.219
-1 -2.45044 0 -1.01216 72 0.00697779 157.8
-0.0742188 -1.4209 1 -2.90991 123 0.0132766 144.789
0.381592 -2.81055 1 -2.47583 126 0.00686602 159.152
-0.128662 -1.9751 1 -2.91724 142 0.00806131 152.957
0.158936 -2.49561 1 -2.69336 136 0.00733736 157.916
-0.46167 -1.86475 1 -3.08228 144 0.0118221 149.431
-1 -1.43867 0 -0.408098 57 0.00698368 145.197
0.247803 -1.03564 1 -2.74762 120 0.0176744 135.15
-0.19873 -1.80603 1 -2.88641 145 0.0109143 150.554
-0.0905151 -2.05542 1 -2.84073 142 0.00955948 153.964
0.0288696 -1.30234 1 -2.84699 128 0.0153476 142.47
-0.228394 -1.32361 1 -2.82847 144 0.0164822 142.226
-0.0103149 0.697021 1 -2.83745 122 0.0231672 55.1241
-0.152649 0.899536 1 -2.80942 124 0.0207875 48.3554
-0.108154 -0.214966 1 -2.80692 131 0.0282578 102.064
0.0665283 1.37036 1 -2.86572 121 0.0158177 36.1798
0.234619 -1.01318 1 -2.97131 125 0.0148841 134.608
-0.134033 1.06299 1 -2.75439 115 0.0159926 43.5058
-0.257568 -1.60974 1 -2.67065 130 0.0137379 147.32
-1 1.06915 0 0.847714 90 0.0124707 43.0858
-0.296387 0.594727 1 -2.56055 95 0.0183136 60.3078
0.03125 -1.75806 1 -2.89697 138 0.0112038 150.356
-0.203613 0.90332 1 -2.62207 129 0.0202028 48.4861
-0.114746 0.0307617 1 -2.72461 107 0.0237286 88.2495
0 1 0 0.00153126 18 0.00378569 0
-0.400391 -1.12012 1 -2.27344 95 0.0134268 136.12
0 0 0 0 0 0 0
0 0 0 0 0 0 0
0 1 0 -0.00963877 13 0.00202897 0
0 1 0 -0.00994302 17 0.00337802 0
-1 1.70197 0 -1.08026 55 0.00997595 30.4366
-0.0605469 -1.99463 1 -2.96509 99 0.00804077 153.331
-0.0739746 -2.06152 1 -2.97754 111 0.00859961 154.062
-0.0749512 0.338867 1 -3.00977 77 0.0161594 71.3289
0.0227051 -1.56934 1 -2.90283 105 0.0089094 147.488
-0.0125732 -1.68506 1 -2.91711 62 0.00811332 149.311
0.0861816 -1.95215 1 -2.88049 93 0.00761601 152.79
-0.166382 -2.56079 1 -2.97906 111 0.00627742 158.403
-0.038269 -1.60352 1 -2.93091 105 0.0104396 148.032
-1 -1.30107 0 -0.14266 88 0.0148623 142.454
-1 1.54563 0 -0.0553005 84 0.013469 32.9022
-1 -4.09704 0 0.0896025 78 0.00478339 166.284
-1 -3.66866 0 0.139989 90 0.00493297 164.753
-1 -0.770497 0 0.247908 98 0.0178171 127.614
-1 -1.13288 0 0.348773 61 0.0173129 138.565
-1 -0.698395 0 0.445403 79 0.0192147 124.93
-1 -3.99167 0 0.493842 66 0.0033553 165.936
-0.0427246 -1.22153 1 -2.92883 99 0.0124721 140.669
-1 0.633362 0 0.752874 68 0.0209869 57.6514
-1 -1.22546 0 0.838683 82 0.017132 140.785
0.403809 -0.124512 1 -3.34668 111 0.0162736 96.5859
-1 3.33084 0 1.07751 77 0.00660141 16.711
-1 0.278076 0 1.15499 66 0.0285607 74.46
0.220459 -1.16626 1 -3.22168 84 0.0125595 138.716
-1 0.439301 0 1.31801 45 0.00942485 66.2841
-1 1.75789 0 1.45862 63 0.00446507 29.634
