0 0 0 0 0 0 0
0 0 0 0 0 0 0
0 0 0 0 0 0 0
0 0 0 0 0 0 0
0 0 0 0 0 0 0
0 0 0 0 0 0 0
0 0 0 0 0 0 0
0 0 0 0 0 0 0
0 0 0 0 0 0 0
0 0 0 0 0 0 0
0 0 0 0 0 0 0
0 0 0 0 0 0 0
0 0 0 0 0 0 0
0 0 0 0 0 0 0
0 0 0 0 0 0 0
0 0 0 0 0 0 0
0 0 0 0 0 0 0
0 0 0 0 0 0 0
0 0 0 0 0 0 0
0 0 0 0 0 0 0
0 0 0 0 0 0 0
0 0 0 0 0 0 0
0 0 0 0 0 0 0
0 0 0 0 0 0 0
0 0 0 0 0 0 0
0 0 0 0 0 0 0
0 0 0 0 0 0 0
0 0 0 0 0 0 0
0 0 0 0 0 0 0
0 0 0 0 0 0 0
0 0 0 0 0 0 0
0 0 0 0 0 0 0
0 0 0 0 0 0 0
0 0 0 0 0 0 0
0 0 0 0 0 0 0
0 0 0 0 0 0 0
0 0 0 0 0 0 0
0 0 0 0 0 0 0
0 0 0 0 0 0 0
0 0 0 0 0 0 0
0 0 0 0 0 0 0
0 0 0 0 0 0 0
0 0 0 0 0 0 0
0 0 0 0 0 0 0
0 0 0 0 0 0 0
0 0 0 0 0 0 0
0 0 0 0 0 0 0
0 0 0 0 0 0 0
0 0 0 0 0 0 0
0 0 0 0 0 0 0
0 0 0 0 0 0 0
0 0 0 0 0 0 0
0 0 0 0 0 0 0
0 0 0 0 0 0 0
0 0 0 0 0 0 0
0 0 0 0 0 0 0
0 0 0 0 0 0 0
0 0 0 0 0 0 0
0 0 0 0 0 0 0
0 0 0 0 0 0 0
0 0 0 0 0 0 0
0 0 0 0 0 0 0
0 0 0 0 0 0 0
0 0 0 0 0 0 0
0 0 0 0 0 0 0
0 0 0 0 0 0 0
0 0 0 0 0 0 0
0 0 0 0 0 0 0
0 0 0 0 0 0 0
0 0 0 0 0 0 0
0 0 0 0 0 0 0
0 0 0 0 0 0 0
0 0 0 0 0 0 0
0 0 0 0 0 0 0
0 0 0 0 0 0 0
0 0 0 0 0 0 0
0 0 0 0 0 0 0
0 0 0 0 0 0 0
0 0 0 0 0 0 0
0 0 0 0 0 0 0
0 0 0 0 0 0 0
0 0 0 0 0 0 0
0 0 0 0 0 0 0
0 0 0 0 0 0 0
0 0 0 0 0 0 0
0 0 0 0 0 0 0
0 0 0 0 0 0 0
0 0 0 0 0 0 0
0 0 0 0 0 0 0
0 0 0 0 0 0 0
0 0 0 0 0 0 0
0 0 0 0 0 0 0
0 0 0 0 0 0 0
0 0 0 0 0 0 0
0 0 0 0 0 0 0
0 0 0 0 0 0 0
0 0 0 0 0 0 0
0 0 0 0 0 0 0
0 0 0 0 0 0 0
0 0 0 0 0 0 0
0 0 0 0 0 0 0
0 0 0 0 0 0 0
0 0 0 0 0 0 0
0 0 0 0 0 0 0
0 0 0 0 0 0 0
0 0 0 0 0 0 0
0 0 0 0 0 0 0
0 0 0 0 0 0 0
0 0 0 0 0 0 0
0 0 0 0 0 0 0
0 0 0 0 0 0 0
0 0 0 0 0 0 0
0 0 0 0 0 0 0
0 0 0 0 0 0 0
0 0 0 0 0 0 0
0 0 0 0 0 0 0
0 0 0 0 0 0 0
0 0 0 0 0 0 0
0 0 0 0 0 0 0
0 0 0 0 0 0 0
0 0 0 0 0 0 0
0 0 0 0 0 0 0
0 0 0 0 0 0 0
0 0 0 0 0 0 0
0 0 0 0 0 0 0
0 0 0 0 0 0 0
0 0 0 0 0 0 0
0 0 0 0 0 0 0
0 0 0 0 0 0 0
0 0 0 0 0 0 0
0 0 0 0 0 0 0
0 0 0 0 0 0 0
0 0 0 0 0 0 0
0 0 0 0 0 0 0
0 0 0 0 0 0 0
0 0 0 0 0 0 0
0 0 0 0 0 0 0
0 0 0 0 0 0 0
0 0 0 0 0 0 0
0 0 0 0 0 0 0
0 0 0 0 0 0 0
0 0 0 0 0 0 0
0 0 0 0 0 0 0
0 0 0 0 0 0 0
0 0 0 0 0 0 0
0 0 0 0 0 0 0
0 0 0 0 0 0 0
0 0 0 0 0 0 0
0 0 0 0 0 0 0
0 0 0 0 0 0 0
0 0 0 0 0 0 0
0 0 0 0 0 0 0
0 0 0 0 0 0 0
0 0 0 0 0 0 0
0 0 0 0 0 0 0
0 0 0 0 0 0 0
0 0 0 0 0 0 0
0 0 0 0 0 0 0
0 0 0 0 0 0 0
0 0 0 0 0 0 0
0 0 0 0 0 0 0
0 0 0 0 0 0 0
0 0 0 0 0 0 0
0 0 0 0 0 0 0
0 0 0 0 0 0 0
0 0 0 0 0 0 0
0 0 0 0 0 0 0
0 0 0 0 0 0 0
0 0 0 0 0 0 0
0 0 0 0 0 0 0
0 0 0 0 0 0 0
0 0 0 0 0 0 0
0 0 0 0 0 0 0
0 0 0 0 0 0 0
0 0 0 0 0 0 0
0 0 0 0 0 0 0
0 0 0 0 0 0 0
0 0 0 0 0 0 0
0 0 0 0 0 0 0
0 0 0 0 0 0 0
0 0 0 0 0 0 0
0 0 0 0 0 0 0
0 0 0 0 0 0 0
0 0 0 0 0 0 0
0 0 0 0 0 0 0
0 0 0 0 0 0 0
0 0 0 0 0 0 0
0 0 0 0 0 0 0
0 0 0 0 0 0 0
-1 5.30137 0 -0.52396 105 0.00122401 10.6822
0.00167847 0.843628 1 -0.697403 323 0.00246055 49.8481
-0.00299072 0.48291 1 -0.697044 408 0.00334394 64.2237
0.00975037 0.639565 1 -0.693283 385 0.00299125 57.3997
0.0266113 1.21902 1 -0.692493 387 0.00219816 39.3729
0.000278473 -0.0346069 1 -0.693408 388 0.00353739 91.982
0.0107651 0.301796 1 -0.693387 405 0.00351877 73.2073
0.0162125 -0.419601 1 -0.693752 429 0.00334521 112.76
-0.0090332 1.02393 1 -0.690109 481 0.00308047 44.3239
0.0161438 0.0689697 1 -0.696602 592 0.00513232 86.0551
-0.0245667 -0.246338 1 -0.677872 605 0.00525164 103.835
-0.17041 0.785156 1 -0.604736 363 0.00533429 52.2602
0 0 0 0 0 0 0
0 0 0 0 0 0 0
0 0 0 0 0 0 0
0 0 0 0 0 0 0
0 0 0 0 0 0 0
0 0 0 0 0 0 0
0 0 0 0 0 0 0
0 0 0 0 0 0 0
0 0 0 0 0 0 0
0 0 0 0 0 0 0
0 0 0 0 0 0 0
0 0 0 0 0 0 0
0 0 0 0 0 0 0
0 0 0 0 0 0 0
0 0 0 0 0 0 0
0 0 0 0 0 0 0
0 0 0 0 0 0 0
0 1 0 -0.00248211 28 0.00149387 0
0.515686 -5.24902 1 -0.456696 2050 0.00298787 167.902
-0.0290527 1.89255 1 -0.768814 2289 0.011235 27.8614
0.00891113 4.97797 1 -0.768379 2291 0.00470823 11.3591
0.00579834 -1.49078 1 -0.741287 2353 0.0136174 146.146
-0.0392609 -5.58801 1 -0.741188 2344 0.00397304 169.846
-0.000312805 2.13698 1 -0.750724 2294 0.0105349 25.0773
-0.00132751 0.300293 1 -0.748173 2354 0.0237928 73.2854
0.0151825 5.53771 1 -0.747608 2318 0.00425208 10.2373
-0.123779 8.35071 1 -0.718197 2313 0.00247161 6.88028
-0.1539 5.63477 1 -0.706108 2307 0.00389893 10.1795
0.0265198 -4.35094 1 -0.739426 2418 0.00501714 167.052
-0.456909 4.65498 1 -0.536896 1715 0.00427049 13.2889
0 0 0 0 0 0 0
0 0 0 0 0 0 0
0 0 0 0 0 0 0
0 0 0 0 0 0 0
0 0 0 0 0 0 0
0 0 0 0 0 0 0
0 0 0 0 0 0 0
0 0 0 0 0 0 0
0 0 0 0 0 0 0
0 0 0 0 0 0 0
0 0 0 0 0 0 0
0 0 0 0 0 0 0
0 0 0 0 0 0 0
0 0 0 0 0 0 0
0 0 0 0 0 0 0
0 0 0 0 0 0 0
0 0 0 0 0 0 0
0.856934 -3.50684 1 -0.30896 643 0.00509671 159.417
-0.0344849 -0.979004 1 -0.86322 1863 0.0177034 134.375
0.0133057 -0.174316 1 -0.840942 1844 0.024847 99.8874
0.0119629 -1.12988 1 -0.838577 1823 0.0163569 138.488
-0.00192261 -1.18604 1 -0.842667 1853 0.0159106 139.864
-0.0266418 -0.281677 1 -0.851112 1862 0.0241193 105.726
0.0390396 -5.85239 1 -0.839319 1817 0.00366527 170.296
-0.0576324 -1.18347 1 -0.843001 1842 0.0160555 139.756
0.00212097 -0.461391 1 -0.84886 1849 0.0225104 114.768
-0.00137329 3.01208 1 -0.841049 1847 0.0077591 18.366
-0.101013 5.16113 1 -0.806473 1821 0.00447368 11.02
-0.300415 4.59766 1 -0.729919 1840 0.00479099 12.7951
-0.0384521 -0.000915527 1 -0.826019 1836 0.0248552 90.0524
-1.41992 -2.52832 1 0.0258789 417 0.00512509 145.515
0 0 0 0 0 0 0
0 0 0 0 0 0 0
0 0 0 0 0 0 0
0 0 0 0 0 0 0
0 0 0 0 0 0 0
0 0 0 0 0 0 0
0 0 0 0 0 0 0
0 0 0 0 0 0 0
0 0 0 0 0 0 0
0 0 0 0 0 0 0
0 0 0 0 0 0 0
0 0 0 0 0 0 0
0 0 0 0 0 0 0
0 0 0 0 0 0 0
0 0 0 0 0 0 0
0 1 0 -0.00677299 4 0.000508461 0
0.18689 -2.03955 1 -0.819824 1218 0.00964064 153.49
0.0587158 0.715576 1 -0.918823 1468 0.0199389 54.46
0.119568 -6.20923 1 -0.864075 1483 0.00340209 170.787
-0.0110474 1.6394 1 -0.959137 1464 0.0129527 31.3838
-0.011261 5.45361 1 -0.974884 1467 0.00408415 10.3912
0.0402832 3.57727 1 -0.952599 1457 0.00651615 15.63
-0.014389 -0.071228 1 -0.947863 1415 0.0242079 94.0738
-0.00995636 -1.94348 1 -0.940269 1490 0.0109947 152.771
-0.0378418 -1.09851 1 -0.940472 1491 0.016874 137.667
-0.0593872 -2.86255 1 -0.937584 1485 0.00784594 160.712
0.0326843 5.92944 1 -0.940216 1446 0.00381079 9.57787
-0.516724 5.85791 1 -0.712158 1510 0.00369591 10.877
-0.0771484 1.41754 1 -0.913025 1532 0.0144618 35.2811
-0.456421 -4.20825 1 -0.635132 1083 0.00499181 165.361
0 0 0 0 0 0 0
0 0 0 0 0 0 0
0 0 0 0 0 0 0
0 0 0 0 0 0 0
0 0 0 0 0 0 0
0 0 0 0 0 0 0
0 0 0 0 0 0 0
0 0 0 0 0 0 0
0 0 0 0 0 0 0
0 0 0 0 0 0 0
0 0 0 0 0 0 0
0 0 0 0 0 0 0
0 0 0 0 0 0 0
0 0 0 0 0 0 0
0 0 0 0 0 0 0
1.04785 2.93042 1 -0.330566 347 0.00554642 26.3022
-0.0703125 -0.846191 1 -1.0874 1217 0.0188296 130.168
0.0159302 -1.4939 1 -1.0329 1186 0.0135313 146.199
-0.0205688 1.14478 1 -1.06403 1197 0.016429 41.1443
0.0272827 1.43005 1 -1.04565 1237 0.014683 34.9741
0.06073 6.40118 1 -1.05418 1191 0.00345518 8.89514
-0.00737 0.758423 1 -1.05062 1221 0.0201391 52.8232
-0.0130692 0.396057 1 -1.04832 1199 0.0236027 68.3953
0.0160446 1.43835 1 -1.05103 1229 0.014477 34.812
-0.0175934 -0.0650635 1 -1.04425 1227 0.0252664 93.722
-0.071167 -2.49048 1 -1.03292 1221 0.00923148 158.073
0.00485229 0.312683 1 -1.04816 1245 0.024799 72.6366
-0.183167 6.08081 1 -0.943695 1216 0.00361731 9.49136
-0.416748 5.75488 1 -0.837097 1208 0.00346724 10.6612
-0.0794678 3.11157 1 -1.01605 1212 0.00732048 17.869
-1.48242 -3.69531 1 0.0151367 233 0.00280847 154.177
0 0 0 0 0 0 0
0 0 0 0 0 0 0
0 0 0 0 0 0 0
0 0 0 0 0 0 0
0 0 0 0 0 0 0
0 0 0 0 0 0 0
0 0 0 0 0 0 0
0 0 0 0 0 0 0
0 0 0 0 0 0 0
0 0 0 0 0 0 0
0 0 0 0 0 0 0
0 0 0 0 0 0 0
0 0 0 0 0 0 0
0 0 0 0 0 0 0
0.538086 3.97803 1 -0.789062 769 0.00536312 15.9321
-0.0332031 -0.185547 1 -1.16724 983 0.0240993 100.506
0.150269 -3.50586 1 -1.04535 1014 0.00653836 163.91
-0.0189209 1.45306 1 -1.16299 953 0.0136185 34.5406
0.0632324 4.14883 1 -1.1425 947 0.00544461 13.5777
0.0419617 3.47137 1 -1.14636 961 0.00660769 16.0835
-0.0399017 -3.04587 1 -1.14406 1011 0.00757357 161.811
-0.0546341 -1.09227 1 -1.14984 985 0.0169131 137.483
0.0747681 5.36816 1 -1.1647 1003 0.00440724 10.5811
-0.030838 3.31014 1 -1.14873 1032 0.00751567 16.8172
0.0727539 2.1958 1 -1.16683 1008 0.0105401 24.5423
-0.0760498 -3.17725 1 -1.13278 1014 0.00736792 162.482
0.111328 5.71729 1 -1.16602 963 0.00389418 9.98121
-0.661987 6.8291 1 -0.771545 996 0.00274983 9.96016
-0.135559 5.04395 1 -1.08185 1011 0.00434534 11.3138
-0.361694 -0.506348 1 -0.885132 703 0.0200513 115.462
0 0 0 0 0 0 0
0 0 0 0 0 0 0
0 0 0 0 0 0 0
0 0 0 0 0 0 0
0 0 0 0 0 0 0
0 0 0 0 0 0 0
0 0 0 0 0 0 0
0 0 0 0 0 0 0
0 0 0 0 0 0 0
0 0 0 0 0 0 0
0 0 0 0 0 0 0
0 0 0 0 0 0 0
0 0 0 0 0 0 0
-1 -0.356689 0 -0.81274 205 0.00935168 109.631
0.233032 3.28857 1 -1.09985 865 0.00719416 17.34
-0.0271606 -3.80939 1 -1.24475 853 0.00601608 165.286
-0.00512695 -0.454102 1 -1.24753 838 0.0233826 114.423
0.0842285 3.46338 1 -1.22708 873 0.00709049 16.1594
0.0947876 4.98022 1 -1.229 864 0.004889 11.4032
0.00830078 -1.1441 1 -1.24276 847 0.0171772 138.844
0.0640106 -1.09058 1 -1.23575 822 0.0165843 137.422
-0.0858841 -3.03894 1 -1.24631 792 0.00726408 161.723
-0.00675964 0.0723877 1 -1.25004 843 0.0255128 85.8598
-0.0783844 3.2135 1 -1.24137 801 0.00713567 17.3353
0.00784302 -6.61017 1 -1.24105 851 0.00307111 171.397
-0.231201 -3.22168 1 -1.17422 807 0.00687936 162.329
-0.0175781 -3.47574 1 -1.25943 829 0.0065018 163.947
-0.186035 2.85156 1 -1.13141 834 0.00779343 19.6314
-0.142334 4.15942 1 -1.16064 825 0.00536041 13.6496
0.00170898 1.32251 1 -1.25775 840 0.0146678 37.0943
-1 -2.32532 0 0.82666 149 0.00300836 156.73
0 0 0 0 0 0 0
0 0 0 0 0 0 0
0 0 0 0 0 0 0
0 0 0 0 0 0 0
0 0 0 0 0 0 0
0 0 0 0 0 0 0
0 0 0 0 0 0 0
0 0 0 0 0 0 0
0 0 0 0 0 0 0
0 0 0 0 0 0 0
0 0 0 0 0 0 0
0 0 0 0 0 0 0
0.381104 1.17285 1 -1.04761 511 0.0142242 42.3786
0.207031 4.71826 1 -1.22058 699 0.00480587 12.2126
0.0383301 -0.0205078 1 -1.32288 661 0.024125 91.174
-0.0187378 0.109131 1 -1.35825 692 0.0241514 83.773
0.131592 5.72461 1 -1.3179 696 0.00402341 9.99239
-0.0186768 -0.218018 1 -1.35843 686 0.0236174 102.297
0.100189 -2.95532 1 -1.3119 691 0.00728269 161.219
0.0244598 0.888672 1 -1.34638 688 0.0184951 48.3819
-0.0513382 -0.862183 1 -1.34599 683 0.0186279 130.73
0.0126343 0.473145 1 -1.35107 689 0.0221557 64.6809
0.0533142 -2.64148 1 -1.35559 711 0.00876548 159.238
0.0605469 -3.69102 1 -1.36076 687 0.00584928 164.814
-0.189636 -4.21875 1 -1.2832 728 0.00562091 166.436
-0.126099 -3.56763 1 -1.30594 712 0.00637919 164.224
0.00622559 2.29346 1 -1.33514 694 0.00983637 23.5587
-0.191772 4.73633 1 -1.21545 662 0.00424743 12.1329
-0.297363 3.92383 1 -1.13586 694 0.00552809 14.8894
-0.383789 0.841797 1 -1.03784 456 0.0161553 51.836
0 0 0 0 0 0 0
0 0 0 0 0 0 0
0 0 0 0 0 0 0
0 0 0 0 0 0 0
0 0 0 0 0 0 0
0 0 0 0 0 0 0
0 0 0 0 0 0 0
0 0 0 0 0 0 0
0 0 0 0 0 0 0
0 0 0 0 0 0 0
0 0 0 0 0 0 0
-1 -1.98267 0 -0.885019 114 0.00315555 153.235
-0.209717 -0.944336 1 -1.61963 626 0.0168149 132.745
0.020752 3.28369 1 -1.45148 577 0.00700924 16.9408
-0.0375977 0.407227 1 -1.47498 593 0.0235067 67.8567
0.0601807 -1.5835 1 -1.40314 583 0.0128474 147.68
0.0924683 3.78296 1 -1.42441 586 0.00619469 14.8674
0.0355835 2.26367 1 -1.44142 581 0.00981463 23.8473
-0.00878906 3.6499 1 -1.46234 573 0.00625369 15.3225
-0.00302124 3.28137 1 -1.45911 586 0.00700719 16.9487
-0.0461197 -0.260803 1 -1.44775 576 0.0239779 104.602
0.0223541 2.14246 1 -1.45572 585 0.0104783 25.0265
0.0173645 4.26123 1 -1.45691 589 0.00558382 13.2088
0.0439148 0.538147 1 -1.46082 610 0.0226076 61.7362
-0.0645752 -2.93799 1 -1.42252 600 0.0078063 161.167
-0.330444 -5.55664 1 -1.31506 605 0.00403895 169.268
0.0419312 2.63611 1 -1.45099 596 0.00887452 20.7908
-0.192627 3.39746 1 -1.30591 604 0.00664223 16.686
-0.364624 5.03613 1 -1.17407 641 0.00432666 11.934
-0.0266113 1.99268 1 -1.4314 584 0.011176 26.6574
-1 -1.69072 0 0.915681 100 0.00399181 149.397
0 0 0 0 0 0 0
0 0 0 0 0 0 0
0 0 0 0 0 0 0
0 0 0 0 0 0 0
0 0 0 0 0 0 0
0 0 0 0 0 0 0
0 0 0 0 0 0 0
0 0 0 0 0 0 0
0 0 0 0 0 0 0
0 0 0 0 0 0 0
0.937012 4.79102 1 -0.740234 313 0.00404769 15.9624
-0.00415039 1.46191 1 -1.56042 466 0.0127196 34.3737
0.112183 -2.27637 1 -1.45544 445 0.00860866 156.152
-0.0491943 -0.145752 1 -1.57727 503 0.0261155 98.2827
0.0266113 1.82397 1 -1.54401 495 0.0123019 28.7424
-0.0453491 1.5415 1 -1.57455 488 0.0139318 32.9991
-0.0319214 -2.07251 1 -1.55473 482 0.0106963 154.231
-0.010376 3.19263 1 -1.55634 487 0.00758035 17.3926
0.00152588 -1.58142 1 -1.54221 505 0.0140952 147.693
-0.0461349 0.160095 1 -1.5488 477 0.025091 80.9139
0.114212 2.56934 1 -1.55954 467 0.00925624 21.3921
0.0301208 0.318298 1 -1.5534 497 0.0257343 72.3513
0.036438 -1.37531 1 -1.55186 478 0.0144965 143.961
-0.0602417 -1.5708 1 -1.52557 485 0.0140629 147.471
0.0739746 1.25195 1 -1.58044 482 0.0167555 38.6924
-0.235596 -5.41406 1 -1.44922 510 0.00395622 169.255
-0.0926514 0.540039 1 -1.48157 480 0.0215211 61.7315
-0.173096 3.94434 1 -1.41187 457 0.0058509 14.4291
-0.0556641 1.4873 1 -1.50452 495 0.0142707 33.9562
-0.530029 -4.29297 1 -1.04419 315 0.00388721 165.231
0 0 0 0 0 0 0
0 0 0 0 0 0 0
0 0 0 0 0 0 0
0 0 0 0 0 0 0
0 0 0 0 0 0 0
0 0 0 0 0 0 0
0 0 0 0 0 0 0
0 0 0 0 0 0 0
0 0 0 0 0 0 0
-1 -0.383057 0 -1.0042 72 0.0059191 110.96
0.135742 1.5166 1 -1.53809 462 0.0137104 33.6404
0.130859 3.28369 1 -1.55945 462 0.00731684 17.0734
-0.00683594 -0.506836 1 -1.64844 445 0.0230252 116.877
0.0284424 -0.327148 1 -1.63025 445 0.0245184 108.109
0.0422363 1.64746 1 -1.63605 439 0.012996 31.2802
-0.14209 -2.82568 1 -1.70258 445 0.00775464 160.331
0.0454102 -1.82422 1 -1.62469 423 0.0106193 151.244
0.00579834 0.511108 1 -1.64839 444 0.0227213 62.9284
-0.0576782 -1.67398 1 -1.65281 424 0.0120713 149.105
-0.0767288 -1.02613 1 -1.65263 423 0.0170972 135.655
0.0292206 0.0852051 1 -1.64915 457 0.0259675 85.1319
-0.021698 -2.57727 1 -1.64074 440 0.00865381 158.789
0.0710449 -4.05267 1 -1.66046 453 0.00550278 166.106
-0.0136108 -0.13855 1 -1.64748 424 0.0239704 97.8874
-0.191528 -4.27832 1 -1.5733 450 0.00504189 166.613
-0.0216064 -0.552734 1 -1.64313 422 0.0215387 118.925
-0.00683594 -0.140381 1 -1.63934 432 0.0231991 97.9908
-0.108887 2.85938 1 -1.55725 456 0.00785012 19.3816
-0.0623779 3.61963 1 -1.59485 414 0.00591165 15.4725
-0.111572 2.44971 1 -1.54553 414 0.00861672 22.3302
0 1 0 -0.00237447 49 0.00165288 0
0 0 0 0 0 0 0
0 0 0 0 0 0 0
0 0 0 0 0 0 0
0 0 0 0 0 0 0
0 0 0 0 0 0 0
0 0 0 0 0 0 0
0 0 0 0 0 0 0
0 0 0 0 0 0 0
0.580078 4.771 1 -1.2085 225 0.00505329 13.6209
0.0324707 1.5918 1 -1.73657 372 0.0128239 32.1515
0.0466309 1.58228 1 -1.71851 384 0.0136652 32.321
0.0648193 -3.37305 1 -1.6709 399 0.00647264 163.454
0.0135498 -0.637207 1 -1.73572 383 0.0209755 122.503
0.0174561 0.477539 1 -1.74255 367 0.0220011 64.4771
-0.190308 -4.44385 1 -1.814 397 0.00485077 167.098
0.0703125 0.411438 1 -1.72215 374 0.02297 67.6855
-0.057373 -1.14843 1 -1.75943 384 0.0166752 138.905
-0.0659485 -2.7951 1 -1.74806 376 0.00766721 160.275
0.0727997 -1.56644 1 -1.74596 362 0.0128488 147.377
-0.137405 -0.66626 1 -1.74015 384 0.020274 123.427
0.0693054 -3.46527 1 -1.75248 398 0.00655191 163.866
0.00219727 2.17383 1 -1.75536 360 0.00992277 24.7033
0.0148315 1.75708 1 -1.75583 374 0.0122866 29.648
0.0715332 2.63477 1 -1.78015 355 0.00844025 20.8323
-0.0559082 -4.75073 1 -1.73981 391 0.00400282 168.095
-0.123657 -0.492188 1 -1.6759 378 0.0233742 116.034
-0.279785 2.33594 1 -1.52563 386 0.00911793 23.9667
-0.00366211 1.92969 1 -1.74011 411 0.0119076 27.3942
0.00415039 -2.41406 1 -1.74792 414 0.00944103 157.499
-0.388184 -1.79199 1 -1.3501 261 0.0108599 149.095
0 0 0 0 0 0 0
0 0 0 0 0 0 0
0 0 0 0 0 0 0
0 0 0 0 0 0 0
0 0 0 0 0 0 0
0 0 0 0 0 0 0
0 0 0 0 0 0 0
-1 0.0598907 0 -1.1104 36 0.00631753 86.5726
0.0700684 0.0164795 1 -1.77515 318 0.0233529 89.0582
0.158691 2.88574 1 -1.7207 338 0.00783075 19.3343
0.11377 -2.7251 1 -1.72205 323 0.00642914 159.729
-0.229126 -2.67529 1 -1.97998 319 0.00652248 159.019
-0.00732422 -3.16504 1 -1.81177 315 0.00555201 162.466
-0.11792 -1.77539 1 -1.89929 344 0.0121338 150.44
0.0262451 0.708008 1 -1.84137 317 0.0198099 54.7105
0.0302734 -1.77771 1 -1.83493 340 0.0121043 150.63
0.00848389 -1.77808 1 -1.8409 335 0.0119181 150.645
-0.0752869 -3.11945 1 -1.85426 340 0.00729142 162.179
0.0344467 0.194855 1 -1.84409 313 0.0240418 78.9802
-0.101822 -2.19128 1 -1.83099 335 0.00993577 155.358
0.0111389 -0.267334 1 -1.84792 306 0.0217054 104.966
-0.113403 -4.18677 1 -1.81334 360 0.00480115 166.484
-0.00769043 -0.845825 1 -1.84344 312 0.0177849 130.225
-0.139038 -4.93042 1 -1.78647 332 0.00383227 168.427
0.0178223 -0.723633 1 -1.86023 296 0.0176796 125.886
0.0782471 1.34082 1 -1.88098 294 0.0135365 36.7999
-0.187256 0.680176 1 -1.70154 328 0.0194389 56.2351
0.0916748 -0.441406 1 -1.92957 333 0.0206908 113.729
-0.100342 3.16113 1 -1.75342 351 0.00752135 17.6371
-0.0144043 2.56982 1 -1.83984 324 0.00884081 21.2646
-1 0.346527 0 1.11251 39 0.00570538 70.8874
0 0 0 0 0 0 0
0 0 0 0 0 0 0
0 0 0 0 0 0 0
0 0 0 0 0 0 0
0 0 0 0 0 0 0
0 0 0 0 0 0 0
-0.292969 -0.791565 1 -2.23242 151 0.0135774 127.222
-0.201416 -1.37939 1 -2.12988 385 0.011049 143.517
-0.0734863 -1.12793 1 -2.00586 301 0.0144782 138.364
0.334473 -3.32617 1 -1.62793 298 0.00489162 162.411
-0.0744629 -2.92139 1 -1.97046 324 0.00768833 161.055
-0.211426 -4.82446 1 -2.03564 335 0.00376619 168.038
0.0581055 -1.09723 1 -1.90533 319 0.0162938 137.606
-0.0197754 -1.85522 1 -1.94757 282 0.0101806 151.67
0.0307617 -0.57959 1 -1.92938 291 0.0198473 120.084
0.232544 0.105469 1 -1.88699 288 0.0234056 84.1347
0.000488281 -2.79224 1 -1.9413 305 0.00766616 160.296
-0.0855942 -1.75167 1 -1.95219 297 0.0112153 150.188
-0.00964355 -3.39911 1 -1.93284 330 0.00686339 163.606
-0.0933838 -2.42078 1 -1.93026 331 0.0100519 157.467
0.00732422 -1.25063 1 -1.94803 308 0.0161195 141.353
-0.107117 -4.95581 1 -1.90833 328 0.00429888 168.528
-0.0714111 -2.39038 1 -1.91687 299 0.0097299 157.246
-0.00354004 -2.90894 1 -1.95624 307 0.00723991 161.029
-0.330566 -4.31934 1 -1.77625 315 0.00488419 166.296
0.198975 -1.98633 1 -2.11816 311 0.0108276 152.828
-0.09375 1.48828 1 -1.86169 278 0.0127832 34.0139
-0.299072 3.3623 1 -1.65332 307 0.00656756 17.246
-0.0681152 2.08594 1 -1.8811 275 0.0104185 25.6648
-0.41748 -1.93604 1 -1.49219 206 0.00844525 150.763
0 0 0 0 0 0 0
0 0 0 0 0 0 0
0 0 0 0 0 0 0
0 0 0 0 0 0 0
0 0 0 0 0 0 0
-1 0.376709 0 -1.21654 27 0.00443881 69.3582
0.512695 2.11829 1 -1.51221 133 0.00738406 27.9463
-0.0922852 -0.888916 1 -2.12109 133 0.0134859 131.514
0.0532227 -1.54834 1 -1.97949 297 0.0141558 147.107
0.200439 -3.17773 1 -1.83325 254 0.00722306 162.206
-0.103516 -1.08716 1 -2.11108 259 0.0158997 137.239
0.102783 -1.56048 1 -1.9613 259 0.0125095 147.21
-0.052002 -1.48389 1 -2.05695 290 0.0146385 145.988
-0.0234375 -1.81006 1 -2.04315 274 0.0117354 151.074
-0.010437 1.33475 1 -2.05115 264 0.0148232 36.8422
0.0314941 0.138452 1 -2.03969 246 0.0224794 82.1213
0.0166626 0.936951 1 -2.04671 237 0.0165085 46.8683
-0.0573578 -0.321892 1 -2.0479 236 0.0226267 107.816
0.195831 5.81641 1 -2.07637 200 0.00279188 9.93698
0.046814 1.64233 1 -2.0609 221 0.0112655 31.3647
0.0865479 0.755127 1 -2.07571 222 0.0167787 53.0453
-0.000854492 -1.56458 1 -2.04886 230 0.0107684 147.415
-0.0319824 1.18945 1 -2.02893 223 0.0141523 40.069
0.0195312 -2.58887 1 -2.07281 240 0.00725783 158.876
-0.00695801 1.04175 1 -2.03198 239 0.0163509 43.8293
0.0571289 0.745117 1 -2.08057 258 0.018351 53.3543
-0.0344238 0.0957031 1 -2.01904 243 0.0218955 84.5365
-0.10376 2.37717 1 -1.93359 220 0.00817596 22.9248
0.0336914 0.299805 1 -2.08643 257 0.0226437 73.32
-0.0400391 1.79395 1 -2.00415 238 0.011273 29.1562
-1 0.675235 0 1.21168 36 0.00443067 55.9714
0 0 0 0 0 0 0
0 0 0 0 0 0 0
0 0 0 0 0 0 0
0 0 0 0 0 0 0
0.846191 -1.46582 1 -1.07129 122 0.0124617 138.213
0.150879 1.23975 1 -1.99365 218 0.0125103 39.2057
-1 0.37886 0 -1.08869 52 0.010425 69.2503
-0.27124 -1.11475 1 -2.38257 200 0.00857124 137.093
-0.0100098 -2.57764 1 -2.11511 272 0.00872366 158.795
0.0585938 -3.97803 1 -2.0459 253 0.00496243 165.866
-0.120239 -1.63892 1 -2.20203 255 0.0128934 148.427
0.296387 6.22375 1 -2.02942 198 0.00292866 9.51343
-0.0111084 -0.794434 1 -2.14722 253 0.020294 128.463
-0.125854 1.36914 1 -2.19324 226 0.0149572 36.3585
0.0615234 -1.77014 1 -2.1331 248 0.0121557 150.49
0.0105896 0.843262 1 -2.14357 230 0.0187897 49.8619
0.104477 1.2774 1 -2.14033 228 0.0160334 38.2062
0.119286 -0.111572 1 -2.14932 252 0.0275328 96.3218
-0.0184021 0.599976 1 -2.14388 247 0.0240343 59.0416
0.191162 3.02026 1 -2.20062 238 0.00793353 18.6286
-0.0465698 2.45618 1 -2.13196 247 0.0103282 22.1747
0.00305176 -0.467773 1 -2.15088 257 0.0257436 115.069
0.126343 2.02393 1 -2.20197 240 0.0116539 26.4741
0.00268555 -0.676392 1 -2.15161 251 0.0230459 124.074
-0.0180664 -1.91211 1 -2.15442 252 0.0108049 152.387
0.0783691 -1.10791 1 -2.22266 254 0.0173455 137.843
-0.122559 -1.57422 1 -2.03882 245 0.0133358 147.381
0.09375 -0.93457 1 -2.25537 251 0.0174026 132.938
0.161621 1.19849 1 -2.33496 225 0.0161358 40.2049
-1 -0.422119 0 1.22658 110 0.0129287 112.886
0 0 0 0 0 0 0
0 0 0 0 0 0 0
0 0 0 0 0 0 0
0 1 0 -0.0223481 10 0.00212879 0
0.321289 2.51562 1 -1.93604 181 0.0124935 22.662
-0.0383301 -0.774414 1 -2.28662 245 0.0228785 127.734
-0.536621 -0.37207 1 -2.81006 222 0.0220504 108.152
0 1 0 -0.0175023 3 0.00385356 0
0.142578 0.87793 1 -2.14087 191 0.0178152 49.0048
-0.0393066 0.294678 1 -2.28625 204 0.0228412 73.5929
0.0778809 1.66577 1 -2.22241 184 0.0120165 31.0538
-0.12207 -3.79303 1 -2.28369 243 0.00524094 165.126
0.313232 2.96094 1 -2.11938 215 0.00806256 19.4895
0.0384521 -1.03564 1 -2.22815 225 0.0189968 135.982
-0.0288086 -0.959137 1 -2.25 222 0.0182257 133.793
0.0862732 3.9928 1 -2.23715 227 0.00649296 14.1107
-0.0593109 1.0372 1 -2.25123 210 0.018193 44.0041
0.147217 2.32166 1 -2.25905 186 0.00891768 23.5269
0.163452 -0.425049 1 -2.27022 186 0.019004 112.757
-0.0585938 -1.44116 1 -2.23253 195 0.0116032 145.198
-0.169067 -1.18988 1 -2.18759 197 0.0141499 139.557
0.0273438 0.37085 1 -2.25812 200 0.0215458 69.6597
-0.0366211 -2.03296 1 -2.23987 205 0.00885837 153.793
-0.0570068 1.3291 1 -2.203 196 0.0140885 37.002
0.0883789 1.32324 1 -2.29553 190 0.0147078 37.1863
0.0563965 3.18262 1 -2.25293 184 0.00650511 17.4691
-0.248047 3.18359 1 -1.98291 192 0.00676477 17.9331
-0.117676 1.86792 1 -2.1123 168 0.0104165 28.3268
0.353516 -0.53418 1 -2.65527 221 0.0158719 116.731
-0.18335 0.832031 1 -2.01367 176 0.0156873 50.7035
-1 0.730865 0 1.3063 28 0.00389371 53.8382
0 0 0 0 0 0 0
0 0 0 0 0 0 0
-1 -0.336304 0 -1.30491 58 0.00483152 108.588
0.097168 1.94434 1 -2.27734 202 0.0125848 27.3271
-0.0334473 1.50354 1 -2.41577 186 0.0140509 33.6425
-0.0744629 -1.20947 1 -2.41699 225 0.0134866 140.338
0.198242 -1.29541 1 -2.13721 94 0.00974357 141.798
0.048584 -0.770508 1 -2.29956 182 0.0205801 127.582
0.0803223 -2.79248 1 -2.23792 207 0.00738589 160.239
-0.21814 -1.0896 1 -2.46973 195 0.0157648 136.791
-0.0163574 -1.38989 1 -2.33966 193 0.0133484 144.262
-0.158569 -0.88916 1 -2.41473 201 0.0172816 131.289
-0.121338 0.286133 1 -2.39227 188 0.0226271 74.1428
0.0895386 4.33694 1 -2.33727 164 0.00477403 13.0343
-0.0287781 2.9314 1 -2.35519 173 0.00760629 18.8435
0.0345764 2.30917 1 -2.34755 167 0.00948681 23.4278
0.0230103 1.80078 1 -2.34778 189 0.0118846 29.0505
-0.092041 0.157715 1 -2.33012 193 0.0238053 81.0745
0.0232544 4.05432 1 -2.34689 172 0.00540208 13.8591
-0.022583 4.00879 1 -2.33316 167 0.00522797 14.0101
0.0202637 1.31421 1 -2.34998 169 0.0143238 37.2737
0.0161133 3.35327 1 -2.33142 185 0.00698785 16.6075
0.0473633 3.20593 1 -2.34595 185 0.00752869 17.3421
-0.267578 -0.898438 1 -2.17505 183 0.019007 130.955
0.271484 -2.9248 1 -2.63354 224 0.007519 160.492
-0.326172 4.16406 1 -1.97754 196 0.00520858 14.1765
0.00830078 -0.827881 1 -2.35645 213 0.0207155 129.62
-0.575928 3.54541 1 -1.6626 125 0.00460154 18.0295
0.231934 0.504517 1 -2.62451 165 0.0231444 63.8272
-1 1.04657 0 1.32361 43 0.00596564 43.6965
0 0 0 0 0 0 0
0 0 0 0 0 0 0
-1 0.410156 0 -1.33509 78 0.0123383 67.6987
0.263672 0.242065 1 -2.12939 163 0.0242868 76.8262
-0.0100098 -0.947021 1 -2.4375 162 0.0130606 133.44
-1 0.420654 0 -1.08202 68 0.0165873 67.1857
-1 0.241699 0 -0.94241 115 0.0190868 76.4122
-0.0273438 -3.32471 1 -2.41187 181 0.00596475 163.254
0.110962 -0.300293 1 -2.35364 155 0.0208309 106.618
0.0809326 -1.82715 1 -2.36072 192 0.0113392 151.229
0.221191 3.2417 1 -2.3573 155 0.00666643 17.5332
-0.0672607 0.0358887 1 -2.47119 156 0.0216807 87.9492
0.187256 3.98145 1 -2.3927 136 0.00477289 14.3341
-0.195801 -1.34277 1 -2.49844 151 0.011924 142.806
-0.314209 3.19434 1 -2.48514 135 0.00602408 18.1669
-0.000778198 0.636597 1 -2.43956 124 0.0159663 57.5193
0.0106201 4.21089 1 -2.44586 166 0.00542123 13.3598
-0.0982666 -0.884766 1 -2.42555 186 0.0207628 131.365
0.0447388 1.88989 1 -2.45203 169 0.0122734 27.9084
-0.0150146 1.12549 1 -2.43799 168 0.0177079 41.6244
0.0343018 1.46893 1 -2.45538 174 0.0148974 34.2614
-0.0738525 -0.70166 1 -2.40826 168 0.0190424 124.983
-0.0446777 -0.502197 1 -2.43237 173 0.0220951 116.643
0.0161133 0.57666 1 -2.453 155 0.0206124 60.0329
0.137451 -1.37457 1 -2.58862 168 0.0129929 143.709
0.186523 0.801758 1 -2.60986 178 0.0177216 51.7561
-0.15918 -0.727783 1 -2.28662 193 0.0241402 125.706
0.0148926 -0.666016 1 -2.46045 220 0.0243027 123.661
0.130127 -2.07144 1 -2.61963 222 0.0114947 154.042
-0.418457 -0.567871 1 -1.8916 146 0.017598 117.648
0 1 0 -0.00502287 3 0.0053154 0
0 1 0 -0.0316775 17 0.00428122 0
0.443359 0.891602 1 -1.96191 119 0.0136661 50.8171
-0.201172 -0.793945 1 -2.76514 123 0.0107493 127.895
0.538086 2.32617 1 -1.9668 81 0.00818678 26.0204
-1 -0.665344 0 -1.00194 62 0.00545421 123.638
-0.102539 0.0367432 1 -2.62622 147 0.021434 87.9067
0.0625 0.0234375 1 -2.48828 111 0.0193645 88.66
0.0883789 -2.58789 1 -2.42078 158 0.00626833 158.798
-0.026123 -0.277344 1 -2.55005 147 0.0202629 105.496
-0.197998 -2.46143 1 -2.61658 174 0.00741466 157.503
-0.133179 0.714355 1 -2.6098 158 0.0196849 54.6976
0.190552 -0.411865 1 -2.47815 175 0.0248453 112.028
0.207703 -1.70984 1 -2.49327 181 0.0126066 149.149
0.135925 -3.50488 1 -2.54157 182 0.00699968 163.937
0.105652 0.518494 1 -2.53963 171 0.0261513 62.7233
0.0101471 2.14662 1 -2.54388 150 0.0104407 24.9795
-0.0317383 2.14563 1 -2.54509 133 0.00982903 24.9996
-0.269592 -2.23254 1 -2.47816 166 0.00901818 155.113
0.0189209 -0.670769 1 -2.55017 161 0.0207806 123.848
0.114746 1.84253 1 -2.58734 139 0.0115682 28.6475
0.174927 2.83179 1 -2.62177 147 0.00824252 19.7226
0.303223 3.77148 1 -2.70886 140 0.00600581 15.4864
0.108398 0.363281 1 -2.6272 153 0.0234295 70.142
0.163574 0.206726 1 -2.67236 151 0.0218166 78.4691
-0.177979 -1.40491 1 -2.39502 135 0.0137432 144.134
-0.390137 1.94531 1 -2.12549 134 0.00877088 28.8896
0.0737305 -2.79834 1 -2.64062 140 0.00617476 160.286
0.00244141 0.0675049 1 -2.55713 127 0.0224568 86.1381
-0.471191 -1.46875 1 -1.92578 115 0.00871888 143.033
-1 -0.0598145 0 1.41302 48 0.00788933 93.423
-1 -2.31201 0 -1.3642 43 0.00474023 156.61
-1 -0.642883 0 -1.36141 60 0.00927481 122.736
-1 -0.252655 0 -1.21521 44 0.00739586 104.179
0.154785 -0.795654 1 -2.46924 141 0.0195738 128.178
0.388184 1.74023 1 -2.27002 101 0.0108806 31.6502
0.111084 1.6228 1 -2.56592 149 0.0137575 31.7993
0.313965 -2.90137 1 -2.30884 148 0.00621658 160.138
-0.0146484 -0.0552979 1 -2.65356 123 0.0231543 93.1648
-0.0473633 1.99756 1 -2.69751 132 0.010263 26.6188
0.48291 3.66797 1 -2.42358 135 0.00630869 16.844
0.130615 -1.58447 1 -2.565 144 0.0123095 147.524
-0.263428 -1.02344 1 -2.7309 147 0.0149462 134.703
0.0861816 0.5448 1 -2.62097 149 0.0230744 61.5074
0.0740356 3.66797 1 -2.6419 148 0.00694138 15.2897
0.126556 -0.307007 1 -2.64447 143 0.0243564 106.94
0.241592 3.43494 1 -2.65428 147 0.00741765 16.673
-0.0259094 4.95752 1 -2.63917 134 0.00454545 11.4081
-0.0369873 1.32715 1 -2.63211 139 0.0166831 37.0167
0.482544 6.36646 1 -2.78967 121 0.00305094 9.89312
0.146973 5.0144 1 -2.67981 129 0.00434759 11.3963
0.406006 5.90674 1 -2.82507 135 0.00357421 10.3548
0.161133 3.92676 1 -2.71265 130 0.00631931 14.464
-0.230957 3.83789 1 -2.42188 139 0.00611514 14.9716
-0.146484 4.87134 1 -2.44775 122 0.00441223 11.7211
0.110352 4.14771 1 -2.69556 132 0.00592433 13.6344
-0.292969 3.02148 1 -2.30322 139 0.00758851 19.028
0.092041 1.76062 1 -2.75098 79 0.00940427 29.6997
0.0512695 2.95166 1 -2.7002 106 0.00702555 18.7389
-1 2.07458 0 1.37243 68 0.0147557 25.7352
-1 -1.0336 0 1.40779 41 0.00481348 135.947
0 0 0 0 0 0 0
0 0 0 0 0 0 0
-1 -0.638397 0 -1.21457 59 0.0070822 122.554
-0.310303 1.09253 1 -3.11377 104 0.0142394 43.782
0.636963 -1.36426 1 -2.04785 115 0.0104092 139.007
-0.124023 0.600586 1 -2.8667 145 0.0202771 59.2042
-0.0478516 0.698975 1 -2.80786 104 0.0214605 55.0782
0.0549316 -2.07593 1 -2.66309 133 0.00921511 154.246
-0.0322266 -0.815308 1 -2.74756 138 0.0180614 129.176
-0.0734863 -0.046875 1 -2.78442 126 0.0239402 92.6766
-0.141602 0.437988 1 -2.80389 130 0.0207482 66.5555
0.0302734 -0.861206 1 -2.72601 126 0.0177533 130.722
0.156372 1.57269 1 -2.70651 115 0.0113048 32.7645
-0.015686 6.28186 1 -2.75252 102 0.00271765 9.04605
-0.10791 1.76898 1 -2.74868 108 0.0109259 29.6216
-0.470947 -0.928955 1 -2.71655 143 0.017778 130.044
-0.129272 4.81396 1 -2.71027 111 0.00409309 11.83
-0.123047 4.16345 1 -2.7095 99 0.00471374 13.6038
-0.0181885 -1.65222 1 -2.74692 130 0.0110267 148.812
-0.327393 -1.53418 1 -2.61688 158 0.00946056 145.555
-0.0637207 2.11426 1 -2.69531 101 0.0094434 25.3581
-1 0.192322 0 0.664585 88 0.018759 79.1137
-0.0759277 -1.11377 1 -2.71948 122 0.0123311 137.999
0.138428 0.0146484 1 -2.87061 134 0.0230517 89.1687
0.0556641 3.23438 1 -2.74365 105 0.00694997 17.2055
-0.0161133 2.8877 1 -2.68359 123 0.00709465 19.1031
0.267578 -0.78125 1 -3.05713 147 0.0194773 127.042
-0.0131836 -3.2666 1 -2.73828 136 0.00657024 162.978
-1 1.03064 0 1.35095 64 0.0143297 44.1356
0 1 0 0.00468859 26 0.00221535 0
0 0 0 0 0 0 0
0 0 0 0 0 0 0
0 1 0 -0.0127332 23 0.00232977 0
-1 1.42599 0 -1.16005 53 0.00693537 35.0406
-0.296875 0.643066 1 -3.16211 100 0.017845 58.3473
-0.0256348 -2.354 1 -2.82129 145 0.00836415 156.977
-0.123291 -2.04639 1 -2.91162 139 0.0109376 153.786
-0.0688477 -0.69043 1 -2.88916 123 0.023487 124.559
0.129395 -2.38995 1 -2.71106 140 0.00885708 157.125
0.1604 -1.61951 1 -2.72314 136 0.0126267 147.98
-1 -0.924255 0 -0.410572 46 0.00779952 132.746
-0.0499268 0.809814 1 -2.8674 106 0.0177789 51.0338
0.0684814 0.946472 1 -2.83122 113 0.0196246 46.6422
-0.0601807 -2.99843 1 -2.83492 157 0.00632629 161.525
0.0713196 -1.01703 1 -2.84673 121 0.0175443 135.411
-0.0250854 -0.755615 1 -2.84172 133 0.0245534 127.067
-0.18103 -1.22675 1 -2.81399 154 0.0186988 140.361
-0.226624 -0.946411 1 -2.79146 138 0.0218536 132.707
0.057251 2.40381 1 -2.85724 118 0.0103231 22.6209
0.0491943 3.46014 1 -2.8689 104 0.00686783 16.1381
-0.106201 0.587158 1 -2.78076 120 0.0223465 59.7204
-0.178711 0.174561 1 -2.72217 110 0.0219143 80.2496
-1 0.367676 0 0.753233 84 0.0228401 69.8127
0.0708008 1.49219 1 -2.88379 103 0.0141374 33.8946
-0.398438 -1.03906 1 -2.48486 125 0.0165517 133.987
0.200195 -0.513672 1 -3.05908 145 0.0236122 116.733
0.180176 -0.931641 1 -3.06641 152 0.0202018 132.517
-0.0844727 -0.237762 1 -2.75635 98 0.0225726 103.329
-1 2.0974 0 1.37021 61 0.010401 25.4909
0 1 0 0.00359322 12 0.00384616 0
0 0 0 0 0 0 0
0 0 0 0 0 0 0
0 0 0 0 0 0 0
0 0 0 0 0 0 0
-1 -1.10034 0 -1.03506 59 0.0106796 137.735
-1 2.73071 0 -1.01399 74 0.00788351 20.113
-1 -2.90021 0 -0.781102 93 0.00547413 160.976
-1 -3.04712 0 -0.691674 98 0.00534181 161.831
0.124023 -2.34082 1 -2.81738 113 0.00591373 156.709
-1 -1.02429 0 -0.548062 58 0.0141026 135.688
-0.11377 -1.85938 1 -2.9762 125 0.00695165 151.574
0.195435 -3.19092 1 -2.85669 116 0.00504907 162.291
0.168457 -2.16602 1 -2.88284 125 0.00658162 154.912
-1 -4.02958 0 -0.123941 92 0.00525818 166.063
-0.268219 -1.60632 1 -2.95252 94 0.0101843 147.196
-1 -0.314201 0 0.0508274 93 0.0244614 107.443
-1 -1.19992 0 0.15357 90 0.0142914 140.193
-1 -2.91983 0 0.244154 77 0.00729898 161.094
-0.0650635 0.773438 1 -2.92102 95 0.0193523 52.3388
-1 -0.948837 0 0.446859 83 0.0166209 133.496
0.105469 -0.833008 1 -3.01245 100 0.0153951 129.639
-1 0.507751 0 0.668517 80 0.0181004 63.0807
0.0234375 0.220459 1 -2.95544 110 0.022502 77.5708
-1 -3.65448 0 0.780014 88 0.00559862 164.696
0.254395 0.980469 1 -3.19043 89 0.0143701 46.4627
-1 2.76959 0 1.08359 89 0.00661698 19.8528
-1 2.71588 0 1.16567 58 0.00370529 20.2139
-1 -2.9843 0 1.23514 63 0.00526844 161.475
-1 0.747864 0 1.3322 34 0.0136772 53.2085
-1 0.899292 0 1.44576 39 0.00938736 48.0352
